sample_no,accel_x,accel_y,accel_z,gyro_x,gyro_y,gyro_z
0,-0.07104492,-0.534729,-0.040100098,10.890625,16.359375,-3.09375
1,-0.010253906,-0.7136841,0.014831543,12.078125,2.078125,-2.84375
2,-0.24291992,-1.2244263,0.05340576,21.921875,-9.359375,7.140625
3,-0.6479492,-1.711731,0.06414795,-12.8125,-21.9375,11.96875
4,-0.65234375,-1.3362427,0.066833496,-6.5625,-8.703125,21.21875
5,-0.18334961,-0.68878174,-0.22149658,18.0,6.484375,17.25
6,0.43188477,-0.40704346,-0.18658447,10.140625,7.171875,9.03125
7,0.40307617,-0.7383423,-0.10992432,-19.546875,-29.1875,-2.0625
8,-0.9675293,-1.7744751,-0.19854736,-35.890625,-40.5,-21.25
9,-0.15722656,-1.5899048,0.20037842,35.859375,14.921875,-5.953125
10,-0.12036133,-1.7007446,-0.034484863,10.5,4.5625,-7.96875
11,-0.32202148,-1.7852173,0.074401855,3.984375,-13.015625,8.3125
12,-0.27441406,-0.97198486,-0.10992432,-25.671875,-38.140625,-7.890625
13,-0.3642578,-0.43780518,0.07635498,-25.15625,-13.4375,-2.421875
14,-0.068359375,0.1630249,-0.23980713,-26.046875,18.953125,-12.90625
15,0.14697266,0.25897217,0.046081543,-2.75,23.515625,-20.296875
16,-0.057128906,-0.10675049,-0.46759033,21.484375,11.046875,-7.5625
17,-0.08959961,-0.59381104,0.034851074,13.640625,-1.546875,-2.890625
18,-1.204834,-2.0,-0.11798096,-60.78125,8.984375,-11.40625
19,-0.7861328,-1.3379517,-0.05596924,20.328125,63.671875,-3.484375
20,-0.57836914,-1.9382935,-0.007873535,48.0625,64.34375,-2.5625
21,-0.2319336,-1.3811646,-0.15142822,13.640625,25.140625,15.1875
22,-0.23242188,-0.7407837,0.027526855,25.890625,39.375,3.125
23,0.2524414,0.07269287,-0.36114502,-18.296875,23.34375,18.25
24,0.6008301,0.5380249,-0.06573486,-28.3125,-13.75,17.625
25,0.11621094,0.08343506,-0.29888916,-22.296875,-58.796875,12.265625
26,-0.44750977,-0.95196533,-0.53790283,-1.65625,-18.765625,-23.125
27,0.15161133,-2.0,0.7680054,-12.578125,-26.859375,0.515625
28,-0.6245117,-1.6936646,-0.18780518,-14.78125,-20.28125,-4.3125
29,-0.34179688,-1.7647095,0.25360107,9.0625,-40.46875,-23.453125
30,-0.2277832,-1.1824341,-0.07720947,-25.40625,-24.375,-23.34375
31,-0.3527832,-0.5857544,0.1359253,-27.0625,-32.3125,2.984375
32,-0.31103516,0.3480835,-0.37579346,-38.90625,-9.3125,-6.578125
33,0.39282227,0.51776123,-0.054016113,2.96875,20.5,-35.03125
34,0.123046875,-0.2107544,0.059265137,15.125,2.1875,-7.03125
35,0.07543945,-0.7715454,-0.65289307,5.796875,-27.0625,2.0625
36,-0.3828125,-2.0,0.40570068,-14.109375,-20.0625,12.5
37,-1.0371094,-1.4788208,-0.089660645,-11.890625,50.53125,4.0625
38,-0.6633301,-1.7996216,0.08026123,19.953125,65.625,-19.359375
39,-0.14892578,-1.289856,-0.10357666,40.921875,54.96875,10.21875
40,-0.21777344,-0.5786743,0.18157959,9.234375,51.703125,15.578125
41,0.4519043,0.10882568,-0.46002197,-34.625,33.0625,10.328125
42,0.7780762,0.6744995,-0.1585083,-23.59375,-20.484375,16.140625
43,0.20117188,0.1083374,-0.3320923,-4.6875,-65.0625,13.078125
44,-0.8330078,-0.80841064,-0.2234497,4.828125,-13.515625,-13.859375
45,-0.12133789,-2.0,0.96917725,-4.0625,-47.375,-29.640625
46,-0.6789551,-1.8963013,-0.010070801,-15.109375,-26.515625,15.15625
47,-0.32202148,-1.8897095,0.23699951,17.25,-31.015625,-2.625
48,-0.3581543,-1.3257446,-0.06964111,-28.765625,-27.65625,-29.53125
49,-0.32202148,-0.59454346,0.21990967,-15.265625,-26.984375,10.5625
50,-0.38354492,0.3209839,-0.3406372,-32.171875,-4.703125,2.125
51,0.36132812,0.5187378,-0.077697754,6.65625,18.046875,-30.0
52,0.17895508,-0.1519165,0.013366699,21.3125,3.9375,3.078125
53,0.08203125,-0.57159424,-0.6963501,16.453125,-25.21875,12.640625
54,-1.0715332,-2.0,-0.21514893,-9.328125,19.671875,-23.84375
55,-0.9609375,-1.5562134,-0.074523926,12.5625,39.703125,12.796875
56,-0.842041,-1.8074341,0.21453857,23.578125,70.640625,-13.8125
57,-0.14501953,-1.4468384,-0.039123535,29.453125,47.484375,3.21875
58,-0.20507812,-0.64508057,0.020690918,15.21875,46.9375,13.890625
59,0.31298828,0.17279053,-0.38970947,-18.109375,34.8125,18.78125
60,0.8210449,0.6066284,-0.06011963,-13.859375,-5.5625,13.078125
61,0.29785156,0.085632324,-0.10626221,-22.71875,-70.765625,11.546875
62,-0.7800293,-0.786438,-0.3796997,4.171875,-47.578125,-13.671875
63,-0.13427734,-2.0,0.67230225,0.34375,-55.265625,-57.03125
64,-0.48242188,-1.9666138,0.09686279,-11.515625,-27.953125,34.578125
65,-0.8959961,-1.4998169,0.13690186,1.53125,-50.140625,-0.171875
66,-0.15771484,-1.1287231,0.023864746,-21.78125,-35.453125,-36.1875
67,-0.25463867,-0.53912354,0.12689209,-18.0,-26.1875,8.890625
68,-0.4362793,0.47479248,-0.37994385,-22.03125,0.828125,-2.46875
69,0.42236328,0.3859253,0.0006713867,8.046875,22.078125,-33.328125
70,0.22924805,-0.17999268,0.13543701,9.96875,6.0625,-2.234375
71,-0.0078125,-0.6043091,-0.69000244,17.859375,-23.5,11.265625
72,-1.003418,-2.0,0.070495605,21.875,39.390625,-3.4375
73,-1.1420898,-1.7129517,0.13104248,1.359375,52.125,26.84375
74,-0.8508301,-1.6365356,-0.02130127,23.171875,75.125,-18.40625
75,-0.05883789,-1.5332642,-0.09991455,54.375,59.078125,-1.84375
76,-0.09033203,-0.6897583,0.38812256,-0.375,53.90625,30.21875
77,0.25708008,0.21795654,-0.67559814,-40.25,17.421875,12.671875
78,0.8022461,0.79193115,-0.08331299,-19.828125,-3.8125,0.765625
79,0.34179688,-0.022277832,-0.17584229,-19.9375,-67.3125,11.53125
80,-1.315918,-1.2337036,-0.42999268,-12.15625,-32.5,-15.09375
81,-0.07543945,-2.0,1.1364136,0.65625,-15.140625,-39.734375
82,-0.65283203,-1.8792114,0.1383667,4.359375,-15.234375,38.0625
83,-0.642334,-1.644104,0.27386475,-14.984375,-37.109375,-17.984375
84,-0.25048828,-1.0842896,-0.04815674,-35.125,-41.28125,-31.15625
85,-0.40942383,-0.1843872,-0.013000488,-29.078125,-29.078125,5.984375
86,-0.20263672,0.64471436,-0.4204712,-5.015625,15.75,-14.203125
87,0.33276367,0.10687256,-0.023254395,11.15625,19.90625,-15.421875
88,0.20947266,-0.13238525,0.028503418,18.4375,2.953125,13.53125
89,-0.1784668,-0.95758057,-0.50006104,25.03125,-21.515625,11.0
90,-0.8215332,-2.0,0.9525757,35.5625,-16.484375,45.78125
91,-1.4182129,-1.8233032,0.37200928,26.15625,63.4375,15.1875
92,-0.5957031,-1.539856,-0.20465088,42.34375,53.8125,-24.8125
93,0.104003906,-1.2781372,0.14984131,36.640625,43.296875,10.546875
94,-0.23730469,-0.31793213,-0.21685791,-19.703125,28.03125,33.203125
95,0.31884766,0.5595093,-0.4829712,-33.5,17.25,4.296875
96,0.8703613,0.41448975,0.026794434,-11.5625,-27.984375,20.703125
97,-0.21826172,-0.13604736,-0.58795166,12.65625,-68.53125,6.125
98,-0.42529297,-2.0,-0.035949707,-11.984375,5.71875,-49.796875
99,0.43701172,-2.0,0.1359253,6.359375,-26.265625,26.59375
100,-0.7680664,-1.6968384,-0.19293213,7.765625,-52.015625,7.28125
101,-0.25317383,-1.3960571,-0.026428223,-39.25,-54.359375,-37.328125
102,-0.3635254,-0.9031372,0.1798706,-29.46875,-47.640625,-3.125
103,-0.42114258,0.16448975,-0.30645752,-51.203125,-7.671875,2.828125
104,0.14819336,0.9569702,-0.22320557,5.09375,20.03125,-35.0
105,0.44726562,-0.16534424,-0.028137207,23.265625,9.25,-6.46875
106,-0.04345703,-0.427063,-0.47686768,26.03125,-37.078125,15.265625
107,-1.5410156,-2.0,-0.55010986,21.234375,56.1875,-8.84375
108,-1.1450195,-1.7195435,0.050476074,21.921875,60.984375,42.421875
109,-0.8444824,-1.5745239,-0.020812988,30.25,84.765625,-14.65625
110,-0.07910156,-1.4751587,-0.10601807,44.28125,46.125,-9.671875
111,0.012207031,-0.722229,0.4179077,15.9375,51.25,39.28125
112,0.0949707,0.23284912,-0.61505127,-34.078125,22.234375,15.609375
113,0.82055664,0.6552124,-0.07940674,-18.578125,-0.75,3.875
114,0.38549805,0.08123779,-0.1453247,-12.1875,-72.8125,23.53125
115,-1.3994141,-1.3565063,-0.6812134,-5.9375,-18.25,-18.828125
116,0.16967773,-2.0,0.9713745,-15.515625,-33.859375,-57.765625
117,-0.69921875,-1.7908325,-0.10064697,-2.53125,-10.015625,32.796875
118,-0.41552734,-1.8086548,0.32562256,8.28125,-27.84375,-14.984375
119,-0.36035156,-1.0962524,0.17034912,-41.421875,-40.0,-28.15625
120,-0.42651367,-0.08477783,-0.13018799,-36.015625,-31.625,3.09375
121,-0.092041016,0.78167725,-0.33013916,-2.0625,25.25,-26.828125
122,0.39648438,0.034118652,-0.13580322,13.796875,6.796875,-13.46875
123,0.122558594,-0.09942627,0.07489014,17.078125,7.78125,5.078125
124,-0.056152344,-0.9768677,-0.7942505,7.65625,-40.953125,7.359375
125,-0.69799805,-2.0,1.0033569,10.828125,-37.125,55.625
126,-1.6564941,-1.7280884,0.3607788,23.5625,61.296875,15.03125
127,-0.5649414,-1.576477,-0.13360596,16.125,64.296875,-29.421875
128,-0.10595703,-1.0881958,0.14593506,38.875,53.1875,10.234375
129,0.099365234,-0.16998291,-0.2366333,2.8125,38.796875,19.8125
130,0.58740234,0.49871826,-0.36676025,-23.15625,8.078125,11.5625
131,0.50341797,0.25872803,-0.1116333,-22.3125,-42.015625,21.390625
132,-0.36767578,-0.0029907227,-0.3118286,-10.34375,-51.671875,2.3125
133,-0.97875977,-2.0,-0.2888794,-19.21875,44.828125,-38.859375
134,0.6828613,-2.0,0.38812256,13.40625,-12.9375,-0.375
135,-0.7355957,-1.7683716,-0.300354,10.046875,-44.59375,19.625
136,-0.328125,-1.5740356,0.18670654,-14.5,-48.875,-21.078125
137,-0.2866211,-1.022522,0.14886475,-35.890625,-42.859375,-16.953125
138,-0.40551758,0.13616943,-0.31329346,-37.0625,-14.453125,4.125
139,-0.037109375,0.8200073,-0.27838135,2.546875,14.828125,-30.890625
140,0.37719727,-0.13165283,-0.008361816,11.40625,4.0,-12.03125
141,0.034423828,-0.105285645,-0.035217285,10.765625,-0.25,8.515625
142,-0.16918945,-1.2676392,-0.8093872,11.171875,-16.875,-5.109375
143,-0.56225586,-2.0,0.6286011,19.765625,-18.609375,64.640625
144,-1.8520508,-1.5769653,0.3842163,9.5,77.703125,2.6875
145,-0.5048828,-1.4570923,-0.21343994,25.40625,68.171875,-46.59375
146,0.13085938,-1.2322388,0.17230225,54.28125,66.078125,22.875
147,0.03491211,-0.11798096,-0.15753174,-22.53125,34.15625,34.078125
148,0.33911133,0.63079834,-0.4817505,-29.703125,7.3125,2.09375
149,0.60546875,0.20452881,-0.1260376,-10.46875,-25.890625,12.96875
150,0.0007324219,-0.13848877,-0.41046143,-2.640625,-63.234375,8.25
151,-1.3591309,-2.0,-0.36749268,-29.59375,17.5625,-40.0
152,0.3149414,-2.0,0.5961304,36.21875,-20.0625,15.796875
153,-0.66918945,-1.8184204,-0.097961426,13.984375,-44.125,12.90625
154,-0.40966797,-1.4497681,0.18914795,-26.40625,-53.078125,-13.84375
155,-0.37548828,-0.8064575,0.13470459,-20.4375,-43.375,-7.109375
156,-0.33813477,0.25531006,-0.41680908,-37.9375,-5.6875,4.203125
157,0.14916992,0.789978,-0.13946533,8.625,13.671875,-32.28125
158,0.23413086,-0.11431885,-0.06500244,21.0,14.71875,-3.546875
159,0.12158203,-0.1585083,-0.36138916,26.8125,-16.65625,15.125
160,-1.1523438,-2.0,-0.98638916,-7.03125,24.390625,-21.734375
161,-0.7775879,-2.0,0.322937,40.0625,29.34375,51.921875
162,-1.1193848,-1.7114868,0.19403076,22.96875,96.1875,-1.6875
163,-0.3046875,-1.6187134,-0.06915283,34.109375,42.546875,-31.59375
164,-0.020019531,-0.7583618,0.36761475,51.109375,54.84375,31.703125
165,0.031982422,0.08831787,-0.5684204,-37.34375,14.328125,20.109375
166,0.62524414,0.66571045,-0.11260986,-17.46875,2.109375,-4.671875
167,0.44458008,0.1383667,-0.116760254,-13.4375,-40.03125,20.0
168,-0.47583008,-0.20465088,-0.4475708,4.078125,-49.59375,-2.484375
169,-0.107666016,-2.0,0.19793701,3.796875,-26.46875,-47.578125
170,0.24389648,-2.0,0.08734131,9.625,-27.890625,29.125
171,-0.6586914,-1.7063599,-0.17437744,27.96875,-76.1875,17.84375
172,-0.47265625,-1.2202759,0.08905029,-35.453125,-43.890625,-36.53125
173,-0.07495117,-0.7073364,0.012390137,-27.078125,-34.96875,-14.75
174,-0.2619629,0.3612671,-0.4024048,-28.5,-9.984375,1.609375
175,0.2175293,0.43499756,-0.18145752,9.046875,7.828125,-22.875
176,0.19091797,-0.086242676,0.008728027,6.765625,10.890625,-0.921875
177,-0.032226562,-0.09991455,-0.093811035,15.703125,-3.40625,13.9375
178,-0.1652832,-1.3792114,-1.0706177,-1.078125,-13.109375,-17.71875
179,-0.642334,-2.0,0.6691284,26.46875,9.296875,59.484375
180,-1.6010742,-1.647522,0.29510498,18.78125,94.296875,0.765625
181,-0.3383789,-1.3728638,-0.26446533,22.296875,53.609375,-45.875
182,-0.122558594,-0.99102783,0.25726318,46.46875,58.40625,23.15625
183,0.18945312,-0.06719971,-0.38311768,-10.203125,31.59375,33.1875
184,0.51000977,0.60565186,-0.2954712,-21.5625,-4.15625,10.21875
185,0.36865234,0.20355225,-0.1560669,-15.546875,-42.609375,13.3125
186,-0.22998047,-0.1921997,-0.28326416,-1.140625,-63.546875,5.28125
187,-0.60058594,-2.0,0.0099487305,-23.8125,-2.0,-51.53125
188,0.2890625,-2.0,-0.015197754,35.890625,-0.171875,33.453125
189,-0.6347656,-1.6218872,-0.21221924,15.9375,-48.59375,6.96875
190,-0.2836914,-1.286438,0.05291748,-33.140625,-52.375,-30.875
191,-0.328125,-0.67926025,0.21697998,-18.140625,-43.171875,-1.140625
192,-0.27148438,0.49334717,-0.56915283,-33.375,-1.1875,2.65625
193,0.34057617,0.4730835,-0.021057129,14.625,11.015625,-29.953125
194,0.14697266,-0.08746338,-0.016174316,16.109375,3.28125,5.765625
195,-0.049560547,-0.39434814,-0.56744385,30.53125,-23.09375,16.5625
196,-1.3293457,-2.0,-0.30889893,12.765625,57.40625,-26.046875
197,-1.0932617,-2.0,0.086364746,13.21875,37.140625,34.625
198,-0.77319336,-1.6624146,0.07562256,16.0625,65.96875,-15.234375
199,-0.36645508,-1.2503052,-0.053771973,32.109375,67.078125,-10.015625
200,0.030029297,-0.4307251,0.06903076,19.265625,57.953125,29.734375
201,0.32861328,0.27288818,-0.43511963,-19.640625,14.84375,14.71875
202,0.5905762,0.510437,-0.19488525,-4.234375,-4.984375,16.5625
203,0.33911133,0.035339355,-0.19146729,-10.390625,-61.765625,22.296875
204,-0.7602539,-0.91729736,-0.25274658,-9.578125,-36.125,-13.09375
205,-0.34228516,-2.0,1.2677612,-22.890625,-73.765625,-53.71875
206,-0.43603516,-1.9932251,-0.30303955,1.96875,-0.421875,34.734375
207,-0.46191406,-1.9092407,0.12445068,-9.40625,-50.546875,-6.859375
208,-0.37060547,-1.0317993,0.105163574,-44.109375,-50.953125,-32.046875
209,-0.39697266,-0.35430908,-0.0037231445,-30.265625,-27.625,4.625
210,-0.17456055,0.7440796,-0.34747314,-19.515625,10.3125,-12.90625
211,0.3701172,0.20550537,-0.11505127,22.890625,17.796875,-21.0625
212,0.13354492,-0.1326294,0.12664795,15.53125,12.875,4.578125
213,-0.22241211,-0.59454346,-0.7034302,21.625,-30.390625,23.34375
214,-0.8703613,-2.0,0.4953003,36.0625,-42.515625,-10.421875
215,-1.2229004,-1.9497681,0.117370605,17.953125,47.421875,21.859375
216,-0.7470703,-1.4673462,0.055847168,15.75,83.296875,-13.1875
217,-0.020996094,-1.388977,-0.19000244,41.15625,45.375,-8.09375
218,0.05053711,-0.5496216,0.31097412,13.84375,46.96875,32.453125
219,0.17211914,0.25408936,-0.56988525,-25.984375,15.90625,7.171875
220,0.62939453,0.5795288,0.004333496,-13.34375,-1.640625,-0.265625
221,0.18676758,0.05657959,-0.3477173,-7.46875,-54.828125,14.203125
222,-1.4135742,-1.9614868,-0.6135864,-38.3125,4.9375,-24.5
223,0.13623047,-2.0,0.9953003,15.21875,-3.890625,-13.234375
224,-0.8417969,-1.7871704,-0.14312744,-1.921875,-32.0,23.9375
225,-0.45751953,-1.6511841,0.10809326,-21.90625,-57.109375,-23.65625
226,-0.35595703,-1.1585083,0.23773193,-30.625,-41.265625,-28.625
227,-0.3383789,-0.15289307,-0.22369385,-33.546875,-22.46875,2.890625
228,0.037353516,0.7789917,-0.35113525,-12.25,26.8125,-22.546875
229,0.34960938,0.0053100586,-0.08453369,20.296875,4.484375,-8.921875
230,0.00390625,-0.15093994,-0.20196533,10.234375,-0.765625,6.734375
231,-0.14770508,-1.0681763,-0.5733032,23.515625,-14.6875,-0.015625
232,-1.1176758,-2.0,0.713562,0.5,-27.9375,40.390625
233,-1.2585449,-1.7871704,0.2843628,0.671875,56.125,8.375
234,-0.5385742,-1.5022583,-0.007873535,31.546875,48.0,-14.859375
235,-0.13574219,-1.159729,0.19134521,43.59375,38.21875,17.828125
236,-0.3161621,-0.2649536,-0.09429932,-12.484375,26.046875,25.109375
237,0.1977539,0.32855225,-0.49395752,-33.328125,21.0,2.953125
238,1.0090332,0.4574585,0.028747559,-11.984375,-23.203125,27.140625
239,0.0703125,0.05291748,-0.38775635,-3.5625,-92.1875,14.828125
240,-1.699707,-1.9175415,-0.16461182,-31.828125,44.609375,-30.328125
241,0.6948242,-2.0,0.888855,-0.0625,-40.609375,-0.5625
242,-0.9177246,-1.5737915,-0.09698486,14.296875,-28.1875,24.84375
243,-0.37597656,-1.6394653,0.1281128,-18.953125,-49.03125,-20.859375
244,-0.2631836,-1.123352,0.11199951,-27.125,-30.703125,-29.28125
245,-0.33544922,-0.33013916,0.08831787,-35.859375,-13.296875,14.140625
246,-0.2668457,0.71917725,-0.52545166,-18.328125,21.0625,-22.484375
247,0.54663086,0.18231201,-0.0256958,25.828125,29.46875,-20.15625
248,0.24731445,-0.16265869,-0.1609497,24.375,-13.875,8.109375
249,-0.82666016,-1.6150513,-0.72491455,-20.0,6.34375,-10.859375
250,-0.4807129,-2.0,0.5890503,-2.484375,-6.921875,44.546875
251,-1.4812012,-1.6135864,0.47332764,10.5,61.0,5.734375
252,-0.58203125,-1.3079224,-0.073791504,28.890625,53.3125,-24.15625
253,-0.05810547,-1.1602173,0.13470459,34.671875,42.015625,2.484375
254,-0.0014648438,-0.4212036,0.002380371,14.984375,38.203125,31.40625
255,0.27246094,0.44329834,-0.46392822,-32.9375,7.78125,11.53125
256,0.5336914,0.324646,-0.030090332,-7.21875,-23.046875,8.796875
257,0.0029296875,-0.09869385,-0.3591919,8.4375,-53.71875,12.96875
258,-1.0007324,-2.0,-0.12432861,-27.203125,18.578125,-33.171875
259,-0.053222656,-2.0,0.4262085,-2.25,-14.453125,4.484375
260,-0.6953125,-1.6360474,-0.1585083,11.703125,-21.9375,19.46875
261,-0.39257812,-1.5686646,0.07928467,-28.125,-54.890625,-29.609375
262,-0.16870117,-1.1165161,0.184021,-25.890625,-22.640625,-21.640625
263,-0.39819336,0.08001709,-0.2546997,-23.734375,-3.75,8.375
264,0.107666016,0.71551514,-0.25177002,2.6875,26.9375,-27.171875
265,0.27075195,-0.09161377,-0.016418457,19.359375,13.265625,-5.1875
266,0.07763672,-0.22247314,-0.37042236,5.859375,-11.5,15.1875
267,-0.5498047,-1.5581665,-0.52056885,17.53125,18.859375,-6.15625
268,-1.019043,-2.0,0.5685425,10.1875,3.1875,42.578125
269,-1.0393066,-1.8076782,0.21722412,9.71875,64.859375,0.359375
270,-0.5744629,-1.5789185,0.16619873,27.375,39.984375,-18.078125
271,-0.19726562,-1.0029907,0.17181396,34.46875,44.0,20.921875
272,-0.1496582,-0.14971924,-0.300354,-11.078125,41.203125,26.515625
273,0.5029297,0.4406128,-0.41070557,-21.59375,17.46875,2.65625
274,0.6640625,0.24554443,-0.058166504,-17.5625,-28.046875,16.078125
275,-0.14624023,-0.11431885,-0.38653564,-3.53125,-59.734375,3.046875
276,-1.0534668,-2.0,0.082458496,-19.21875,21.125,-46.796875
277,0.47802734,-2.0,0.47772217,39.078125,-5.390625,24.671875
278,-0.5966797,-1.4817505,-0.44073486,2.703125,-50.59375,13.25
279,-0.31323242,-1.4724731,0.11053467,-23.21875,-65.3125,-30.546875
280,-0.34057617,-1.0681763,0.2748413,-21.53125,-46.5625,-14.609375
281,-0.40771484,-0.046936035,-0.24249268,-37.34375,-17.4375,11.296875
282,0.100097656,0.80218506,-0.269104,-3.359375,29.375,-25.546875
283,0.38623047,0.012390137,-0.019348145,27.59375,9.8125,-12.40625
284,0.07299805,-0.17120361,-0.30743408,31.953125,-1.765625,14.328125
285,-0.39941406,-1.2825317,-0.4673462,25.90625,-13.65625,4.609375
286,-0.7282715,-2.0,0.27679443,37.984375,22.984375,51.375
287,-1.1696777,-1.7029419,0.028259277,21.875,68.015625,2.625
288,-0.60375977,-1.7539673,0.15838623,31.75,42.03125,-10.953125
289,-0.099609375,-0.940979,-0.14874268,23.40625,52.859375,25.125
290,-0.10205078,-0.15362549,-0.034240723,3.15625,44.6875,12.28125
291,0.43310547,0.33953857,-0.3711548,-13.28125,22.390625,5.125
292,0.6777344,0.3287964,-0.04425049,-15.09375,-19.515625,18.6875
293,0.0061035156,0.028747559,-0.22369385,-9.28125,-55.890625,14.640625
294,-1.6853027,-2.0,-0.66290283,-26.53125,5.03125,-42.921875
295,0.5612793,-2.0,0.32440186,12.265625,19.984375,-3.875
296,-0.6767578,-1.93927,-0.07696533,17.390625,-24.109375,32.78125
297,-0.6242676,-1.3015747,-0.06378174,-22.609375,-57.203125,-24.3125
298,-0.25927734,-1.0757446,0.016540527,-19.140625,-28.96875,-35.703125
299,-0.28149414,-0.2715454,-0.04425049,-35.671875,-29.25,12.09375
300,-0.24365234,0.63446045,-0.39727783,-28.8125,6.6875,-8.140625
301,0.4650879,0.15716553,-0.039123535,21.328125,8.796875,-18.125
302,0.10473633,-0.15679932,0.062927246,22.109375,-14.25,11.375
303,-1.1403809,-1.9785767,-1.180481,-18.796875,27.71875,-8.234375
304,-0.5842285,-2.0,0.2267456,-19.734375,26.03125,25.390625
305,-1.177002,-1.6084595,0.093933105,14.203125,73.640625,18.109375
306,-0.4897461,-1.6018677,-0.13653564,22.453125,49.484375,-25.84375
307,-0.11694336,-1.0681763,0.09906006,29.90625,56.109375,22.203125
308,-0.005126953,-0.2571411,-0.13995361,-35.40625,32.90625,23.140625
309,0.2939453,0.46917725,-0.380188,-27.65625,6.203125,3.203125
310,0.63427734,0.26068115,-0.09210205,-9.53125,-15.796875,14.625
311,0.060791016,-0.2654419,-0.48712158,-6.015625,-65.328125,7.765625
312,-0.62524414,-2.0,0.32611084,-27.0625,-32.25,-60.390625
313,0.056640625,-2.0,0.40057373,17.9375,-18.40625,25.21875
314,-0.22338867,-1.7388306,-0.20831299,3.65625,-57.9375,2.828125
315,-0.52124023,-1.2747192,0.1149292,-31.609375,-58.296875,-13.75
316,-0.30639648,-0.7744751,0.11590576,-21.234375,-46.359375,-13.21875
317,-0.37646484,0.06414795,-0.13970947,-35.65625,-9.203125,-1.171875
318,0.11743164,0.6671753,-0.2571411,0.203125,24.59375,-16.40625
319,0.30786133,-0.07354736,-0.0049438477,22.296875,19.75,-3.3125
320,-0.014404297,-0.46343994,-0.5527954,37.234375,-10.40625,20.765625
321,-0.90771484,-2.0,-0.22320557,35.375,30.359375,-17.640625
322,-0.9309082,-1.7478638,-0.22906494,23.453125,66.421875,27.59375
323,-0.5373535,-1.654602,-0.12237549,34.28125,70.578125,-2.421875
324,-0.31225586,-1.4602661,0.07098389,30.96875,44.40625,13.59375
325,-0.125,-0.61553955,0.074645996,22.1875,45.140625,16.390625
326,0.22851562,0.07537842,-0.36627197,-29.546875,28.515625,8.5
327,0.68237305,0.48944092,-0.25054932,-13.109375,-0.65625,6.71875
328,0.43554688,0.11248779,-0.070373535,-16.234375,-64.0,22.15625
329,-0.68066406,-0.600647,-0.473938,-13.75,-59.546875,-8.015625
330,-0.092285156,-2.0,0.2423706,-11.59375,-40.96875,-60.625
331,-0.1459961,-2.0,0.17156982,10.703125,-30.28125,35.53125
332,-0.6772461,-1.7466431,0.07537842,-3.375,-53.015625,-5.3125
333,-0.3334961,-1.3953247,0.17889404,-29.265625,-56.171875,-31.34375
334,-0.27001953,-0.6980591,0.16156006,-28.25,-54.578125,-2.359375
335,-0.3491211,0.36663818,-0.41412354,-43.453125,-16.09375,2.546875
336,0.2397461,0.63934326,-0.14752197,15.546875,9.53125,-22.09375
337,0.2697754,-0.1987915,-0.07501221,19.265625,4.84375,1.28125
338,-0.029052734,-0.4805298,-0.49005127,19.484375,-33.96875,21.984375
339,-0.56396484,-2.0,0.09881592,69.5,24.875,-20.640625
340,-1.0532227,-1.7764282,-0.018371582,18.28125,44.75,29.859375
341,-0.6809082,-1.5852661,0.008239746,23.140625,81.59375,-18.796875
342,-0.21508789,-1.4690552,0.008728027,27.015625,56.71875,-3.421875
343,-0.005126953,-0.7385864,0.1984253,16.140625,44.3125,24.578125
344,-0.009033203,0.04046631,-0.33721924,-39.296875,32.96875,9.8125
345,0.4501953,0.58807373,-0.28082275,-11.9375,7.96875,-3.5625
346,0.4921875,0.12640381,-0.1873169,-7.09375,-38.640625,14.78125
347,-0.3828125,-0.5923462,-0.38458252,8.109375,-54.375,-3.1875
348,-0.33984375,-2.0,0.83221436,-19.296875,-81.5,-65.6875
349,-0.42895508,-2.0,0.06414795,1.875,-42.375,35.78125
350,-0.5786133,-1.4905396,0.002380371,-5.203125,-60.46875,-5.59375
351,-0.46899414,-1.1133423,0.020202637,-37.3125,-53.09375,-22.765625
352,-0.40625,-0.8311157,0.35565186,-17.796875,-30.15625,5.328125
353,-0.45947266,0.30047607,-0.4397583,-40.0625,-1.078125,-5.5
354,0.37109375,0.7098999,-0.11138916,15.828125,34.796875,-28.59375
355,0.41430664,-0.21636963,-0.0017700195,18.875,13.59375,4.1875
356,0.08105469,-0.52008057,-0.59747314,19.390625,-24.0,27.9375
357,-1.0307617,-2.0,-0.34429932,22.765625,8.203125,-26.296875
358,-0.95043945,-1.7595825,-0.078430176,32.640625,47.484375,25.171875
359,-0.7409668,-1.7039185,-0.058654785,20.8125,74.328125,-3.59375
360,-0.41992188,-1.50177,-0.018371582,30.296875,46.28125,6.421875
361,-0.2253418,-0.708313,0.23675537,34.421875,51.96875,17.578125
362,0.22192383,0.029724121,-0.40875244,-40.0625,14.515625,15.484375
363,0.6838379,0.76483154,-0.2366333,-28.375,1.625,12.640625
364,0.3630371,0.17938232,-0.1963501,-4.375,-63.078125,25.28125
365,-0.6665039,-0.74884033,-0.3640747,2.03125,-30.90625,-9.578125
366,-0.16577148,-2.0,0.8722534,-4.609375,-56.109375,-41.328125
367,-0.59716797,-1.925354,-0.0037231445,10.0625,-31.828125,28.453125
368,-0.40771484,-1.6450806,0.117614746,4.59375,-53.859375,-16.90625
369,-0.34448242,-1.1172485,-0.00982666,-24.3125,-49.546875,-28.3125
370,-0.43164062,-0.5689087,0.168396,-20.265625,-30.59375,3.234375
371,-0.38745117,0.38397217,-0.38580322,-31.609375,0.734375,-0.71875
372,0.4375,0.45892334,-0.046203613,12.84375,24.046875,-29.671875
373,0.21899414,-0.1519165,-0.06915283,18.8125,3.109375,0.96875
374,0.04345703,-0.7334595,-0.59210205,14.390625,-39.578125,9.859375
375,-0.6516113,-2.0,0.70721436,4.375,-20.890625,10.6875
376,-1.2387695,-1.5332642,0.03387451,1.015625,63.8125,4.96875
377,-0.5205078,-1.704895,-0.03717041,23.46875,72.703125,-18.984375
378,-0.2578125,-1.3408813,-0.12164307,29.171875,47.21875,9.890625
379,-0.18530273,-0.5757446,0.14788818,16.421875,48.015625,14.140625
380,0.31518555,-0.0134887695,-0.36383057,-33.5625,22.15625,12.9375
381,0.5053711,0.6090698,-0.21783447,-18.78125,1.390625,10.03125
382,0.27148438,0.12860107,-0.22418213,-4.546875,-44.984375,6.9375
383,-0.53393555,-0.79278564,-0.35235596,-0.140625,-30.890625,-15.75
384,-0.016357422,-2.0,1.041687,-15.609375,-71.515625,-34.359375
385,-0.7011719,-1.703186,-0.18292236,-14.0,-51.546875,18.203125
386,-0.35375977,-1.6087036,-0.016906738,-20.71875,-80.0625,-22.140625
387,-0.39257812,-1.117981,0.031433105,-17.546875,-59.125,-23.28125
388,-0.5180664,-0.43292236,-0.031555176,-42.265625,-42.015625,12.78125
389,-0.26611328,0.49383545,-0.3423462,-33.453125,24.359375,1.640625
390,0.42407227,0.40496826,-0.039611816,23.71875,12.046875,-22.703125
391,0.14526367,-0.23468018,-0.32720947,34.171875,-11.140625,9.828125
392,-0.8347168,-1.7012329,-0.5183716,31.546875,33.03125,1.921875
393,-1.1052246,-2.0,0.46209717,-5.875,11.71875,30.578125
394,-0.9370117,-1.7080688,0.020935059,12.890625,73.40625,1.796875
395,-0.49194336,-1.5523071,0.04827881,23.59375,64.78125,-20.40625
396,-0.15283203,-1.0015259,0.10614014,18.96875,47.0,16.984375
397,-0.09082031,-0.23028564,-0.14581299,-7.765625,38.171875,12.578125
398,0.36865234,0.37127686,-0.37530518,-18.796875,14.46875,0.28125
399,0.7817383,0.18206787,-0.09967041,-14.515625,-29.84375,16.796875
400,-0.11206055,-0.024475098,-0.41656494,-6.265625,-79.21875,6.734375
401,-1.1779785,-1.9214478,-0.14141846,-23.625,20.5625,-27.296875
402,0.5095215,-2.0,0.5494995,4.421875,-34.671875,-2.375
403,-0.6730957,-1.7561646,-0.013000488,-1.15625,-49.53125,9.21875
404,-0.42285156,-1.4475708,0.12542725,-21.5,-61.4375,-16.796875
405,-0.38476562,-0.95758057,0.04559326,-20.28125,-46.15625,-24.9375
406,-0.17333984,-0.24298096,-0.082092285,-42.53125,-28.109375,5.046875
407,-0.32202148,0.8007202,-0.347229,-2.375,14.96875,-5.5625
408,0.46777344,0.06951904,-0.047180176,24.046875,15.84375,-6.40625
409,0.16870117,-0.21148682,-0.3057251,27.40625,-16.09375,15.796875
410,-1.1755371,-2.0,-1.031311,-6.859375,33.09375,-13.59375
411,-0.8317871,-1.8938599,0.01751709,36.109375,40.25,47.28125
412,-1.1721191,-1.6287231,0.230896,26.421875,82.171875,2.515625
413,-0.4555664,-1.5757446,-0.006164551,41.625,59.4375,-22.34375
414,-0.055908203,-0.98101807,0.015808105,28.296875,58.328125,25.71875
415,-0.13989258,-0.14215088,-0.17755127,-15.6875,39.546875,9.875
416,0.4580078,0.3024292,-0.37335205,-22.609375,20.296875,2.71875
417,0.75756836,0.28900146,-0.11871338,-13.703125,-20.078125,22.171875
418,-0.15551758,-0.20269775,-0.37384033,5.0625,-63.5625,6.953125
419,-0.9206543,-2.0,-0.28863525,-26.859375,12.921875,-61.1875
420,0.24511719,-2.0,0.3390503,32.5625,-1.46875,24.0625
421,-0.4099121,-1.9768677,0.07318115,-8.0625,-60.34375,-13.28125
422,-0.5722656,-1.3147583,0.14764404,-33.046875,-70.375,-13.765625
423,-0.43847656,-0.7493286,0.06121826,-25.5625,-55.671875,-6.515625
424,-0.3400879,0.035095215,-0.21246338,-40.28125,-16.09375,-2.09375
425,0.16894531,0.6557007,-0.24639893,-0.796875,24.765625,-14.34375
426,0.36645508,-0.035461426,0.028503418,24.0,0.328125,-8.5625
427,-0.05102539,-0.33746338,-0.3814087,27.65625,-32.78125,23.609375
428,-1.5632324,-2.0,-0.4397583,38.390625,86.90625,-20.34375
429,-1.0126953,-1.8516235,-0.049865723,25.171875,34.046875,41.5
430,-1.1779785,-1.6973267,0.30706787,22.78125,91.0,0.703125
431,-0.18798828,-1.4573364,-0.25909424,44.234375,68.59375,-12.0
432,-0.09887695,-0.9002075,0.15203857,35.0625,40.625,13.578125
433,0.049560547,-0.20025635,-0.2774048,-20.6875,40.84375,21.609375
434,0.41577148,0.53826904,-0.3550415,-21.3125,10.03125,5.140625
435,0.6677246,0.26776123,-0.04888916,-13.359375,-19.90625,19.1875
436,-0.052734375,-0.24029541,-0.36724854,-1.828125,-68.671875,-0.109375
437,-0.6328125,-2.0,0.0038452148,-32.4375,-30.40625,-72.015625
438,0.18896484,-2.0,0.11444092,-6.328125,-33.03125,18.6875
439,-0.66137695,-1.6887817,-0.12261963,6.109375,-57.90625,2.6875
440,-0.60791016,-1.2715454,0.27191162,-21.84375,-55.296875,-18.828125
441,-0.3408203,-0.7944946,-0.07476807,-25.703125,-43.546875,-11.984375
442,-0.2788086,0.11590576,-0.09552002,-29.125,-7.78125,-1.421875
443,0.11206055,0.57855225,-0.23590088,1.640625,18.828125,-14.125
444,0.40698242,-0.077941895,0.043395996,10.0625,5.140625,-3.265625
445,-0.010009766,-0.4085083,-0.39019775,23.53125,-23.84375,22.4375
446,-1.6083984,-2.0,-0.38775635,21.765625,55.890625,-15.25
447,-1.1975098,-1.6709595,-0.2000122,27.640625,46.6875,27.046875
448,-0.90625,-1.8235474,0.23822021,27.21875,91.921875,0.96875
449,-0.44091797,-1.4751587,-0.03326416,34.015625,63.046875,-0.21875
450,-0.15283203,-0.7764282,0.07684326,33.3125,54.4375,15.84375
451,0.18725586,-0.09576416,-0.3086548,-28.046875,35.0625,17.046875
452,0.53564453,0.5795288,-0.34454346,-17.296875,12.9375,11.375
453,0.59155273,0.21185303,-0.07623291,-14.125,-49.78125,27.015625
454,-0.31323242,-0.36553955,-0.43927002,2.828125,-70.296875,3.40625
455,-0.6376953,-2.0,0.27288818,-6.46875,-27.234375,-57.875
456,0.23876953,-2.0,0.04095459,25.078125,-19.5625,35.234375
457,-0.6862793,-1.5266724,-0.04449463,0.703125,-69.234375,-5.015625
458,-0.2932129,-1.2683716,0.0138549805,-32.09375,-63.90625,-26.96875
459,-0.30737305,-0.7605591,0.19329834,-22.8125,-51.359375,-3.234375
460,-0.47998047,0.18109131,-0.2522583,-46.234375,-17.734375,4.9375
461,0.18652344,0.70965576,-0.20220947,-0.53125,16.296875,-25.359375
462,0.31982422,-0.09674072,-0.012268066,22.09375,3.46875,-9.34375
463,-0.111083984,-0.5249634,-0.5064087,25.109375,-34.84375,22.21875
464,-0.79296875,-2.0,-0.022766113,57.28125,71.0,-25.203125
465,-1.1108398,-1.6074829,-0.12994385,17.53125,47.40625,36.90625
466,-1.0222168,-1.4268188,0.12713623,24.71875,93.046875,-11.859375
467,-0.19360352,-1.5828247,-0.030090332,39.171875,70.921875,-10.0625
468,0.049804688,-0.73516846,0.21307373,32.28125,57.265625,22.5
469,0.05883789,0.032165527,-0.46710205,-33.9375,23.984375,10.40625
470,0.5756836,0.5829468,-0.18804932,-16.78125,9.203125,1.28125
471,0.65063477,0.13470459,-0.20172119,-22.515625,-62.5625,20.0625
472,-0.7080078,-0.6135864,-0.43463135,-4.0625,-54.828125,-9.765625
473,-0.52856445,-2.0,0.8512573,-30.234375,-79.46875,-57.296875
474,-0.30249023,-2.0,-0.09429932,-15.921875,-27.171875,28.4375
475,-0.4729004,-1.6919556,0.24749756,19.046875,-42.171875,-6.34375
476,-0.6652832,-1.1629028,0.09051514,-45.9375,-67.046875,-30.15625
477,-0.2800293,-0.6538696,0.1852417,-19.484375,-36.203125,-5.3125
478,-0.25830078,0.16375732,-0.2883911,-36.296875,-16.25,-7.203125
479,0.40673828,0.54119873,-0.17559814,5.359375,8.59375,-20.78125
480,0.2548828,-0.16851807,0.08465576,13.28125,-9.078125,8.96875
481,-0.43432617,-0.741272,-0.57232666,5.859375,-15.953125,22.703125
482,-0.6118164,-2.0,0.3751831,22.53125,1.96875,-15.09375
483,-1.1384277,-1.645813,0.018005371,11.296875,39.4375,21.5
484,-0.7661133,-1.5725708,0.18182373,39.234375,73.234375,4.90625
485,-0.3227539,-1.3591919,0.07757568,37.625,47.140625,2.21875
486,-0.30664062,-0.68536377,0.089782715,26.921875,58.40625,14.828125
487,0.23364258,0.081726074,-0.3196411,-31.765625,45.90625,13.515625
488,0.58374023,0.43743896,-0.19464111,-8.40625,12.171875,-1.8125
489,0.48242188,0.11810303,-0.18170166,-11.796875,-48.171875,16.171875
490,-0.45947266,-0.6177368,-0.2354126,3.984375,-57.78125,4.8125
491,-0.5600586,-2.0,0.76556396,-0.921875,-58.3125,-56.046875
492,-0.33325195,-2.0,-0.14312744,-21.578125,-42.953125,25.125
493,-0.5266113,-1.6189575,0.12249756,6.109375,-62.484375,-4.71875
494,-0.3894043,-1.2190552,0.15057373,-30.671875,-49.765625,-23.453125
495,-0.11645508,-0.72857666,0.014831543,-22.875,-48.921875,-9.796875
496,-0.3701172,0.2345581,-0.21710205,-48.109375,-16.640625,6.75
497,0.1459961,0.6598511,-0.18048096,6.5,-1.734375,-20.640625
498,0.099365234,-0.17974854,0.07196045,13.1875,4.375,-8.5625
499,-0.2097168,-0.7227173,-0.6746216,18.765625,-16.375,17.3125
500,-0.54296875,-2.0,0.5507202,46.125,3.328125,-9.359375
501,-1.2331543,-1.2959595,0.008728027,2.8125,30.9375,16.625
502,-0.93603516,-1.3872681,0.042907715,20.59375,88.625,-23.640625
503,-0.15039062,-1.7598267,0.3307495,48.046875,53.671875,-10.53125
504,-0.06591797,-0.6199341,0.08074951,21.765625,36.875,21.78125
505,-0.045898438,0.034606934,-0.24957275,-30.21875,23.8125,8.125
506,0.46728516,0.37957764,-0.34454346,-4.875,18.421875,-1.796875
507,0.6345215,0.1281128,0.027038574,-14.578125,-39.34375,26.5
508,-1.0283203,-0.9956665,-0.5496216,10.296875,-34.671875,3.609375
509,0.13647461,-2.0,0.7826538,-8.28125,-56.59375,-54.1875
510,-0.4428711,-1.9302368,-0.105773926,1.03125,-51.109375,40.09375
511,-0.57910156,-1.5120239,0.06048584,-15.0625,-69.75,-12.078125
512,-0.49389648,-1.0574341,0.168396,-32.921875,-53.859375,-29.484375
513,-0.3010254,-0.52838135,0.15301514,-21.421875,-36.5,9.34375
514,-0.36083984,0.49847412,-0.3821411,-27.0625,-7.5625,-5.90625
515,0.40405273,0.26776123,-0.11383057,18.40625,22.125,-19.921875
516,0.3659668,-0.21954346,0.07513428,16.796875,2.1875,8.203125
517,-0.23583984,-0.7703247,-0.77716064,8.578125,-48.8125,20.078125
518,-0.7897949,-2.0,1.5248413,37.890625,-44.390625,12.96875
519,-1.2875977,-1.6790161,-0.120910645,-4.734375,40.96875,32.359375
520,-0.6726074,-1.3049927,-0.14312744,28.171875,85.96875,-16.140625
521,-0.06201172,-1.5466919,-0.016174316,42.171875,61.96875,-12.171875
522,0.12915039,-0.68951416,0.01776123,20.609375,52.1875,33.78125
523,0.36254883,0.13519287,-0.28302002,-44.484375,8.65625,23.0
524,0.47875977,0.6364136,-0.1921997,-22.015625,-13.03125,11.015625
525,0.07324219,0.14593506,-0.14654541,-5.421875,-43.953125,9.53125
526,-0.38598633,-0.60162354,-0.23687744,35.0,-30.484375,-8.296875
527,-0.5168457,-2.0,0.88812256,-10.453125,-53.0625,-53.609375
528,-0.19555664,-2.0,-0.20147705,-0.03125,-13.609375,39.15625
529,-0.4638672,-1.5169067,0.043395996,4.65625,-53.6875,-18.390625
530,-0.17749023,-1.234436,-0.04058838,-40.484375,-51.125,-35.59375
531,-0.3684082,-0.6235962,0.26605225,-28.203125,-40.46875,4.109375
532,-0.4897461,0.46551514,-0.52667236,-41.921875,1.296875,1.875
533,0.42382812,0.51556396,-0.14923096,18.984375,33.0,-38.8125
534,0.31518555,-0.22296143,0.042175293,28.109375,7.515625,1.0625
535,-0.29589844,-0.84991455,-0.7258911,17.953125,-33.15625,21.546875
536,-0.4736328,-2.0,0.852478,16.96875,-20.796875,-3.640625
537,-1.2368164,-1.6714478,0.036071777,-1.125,36.84375,18.1875
538,-0.70947266,-1.5098267,-0.00079345703,0.625,72.46875,-11.578125
539,-0.1081543,-1.373352,-0.09063721,24.0,42.515625,-0.921875
540,-0.12109375,-0.62457275,0.3163452,31.890625,58.984375,23.3125
541,0.14355469,0.101501465,-0.5130005,-25.328125,23.890625,16.796875
542,0.6166992,0.64178467,-0.1272583,-16.046875,3.96875,6.96875
543,0.2956543,0.10687256,-0.12677002,-9.96875,-52.484375,10.640625
544,-0.5493164,-0.7024536,-0.26055908,5.03125,-45.078125,-14.609375
545,-0.16503906,-2.0,0.9384155,1.109375,-77.671875,-42.828125
546,-0.5292969,-2.0,0.19281006,-1.53125,-11.125,40.171875
547,-0.73999023,-1.4822388,0.06903076,0.15625,-45.0625,-12.578125
548,-0.30615234,-1.0737915,0.08319092,-30.484375,-52.265625,-33.84375
549,-0.13989258,-0.6638794,0.1642456,-27.515625,-40.203125,2.171875
550,-0.32055664,0.32391357,-0.3916626,-30.828125,-11.21875,6.671875
551,0.21704102,0.526062,-0.14068604,14.78125,23.265625,-18.0625
552,0.23339844,-0.11602783,0.035583496,28.921875,9.390625,2.953125
553,-0.11035156,-0.8555298,-0.56134033,1.578125,-22.125,13.015625
554,-0.75561523,-2.0,1.0563354,2.703125,-25.546875,21.828125
555,-1.3325195,-1.5896606,0.01361084,-3.140625,47.484375,5.46875
556,-0.5012207,-1.503479,0.038513184,30.53125,69.984375,-15.046875
557,-0.14208984,-1.359436,-0.0881958,28.421875,38.6875,5.375
558,-0.17749023,-0.59625244,0.16864014,15.609375,40.796875,22.125
559,0.26611328,0.18133545,-0.4902954,-23.078125,15.375,13.21875
560,0.6862793,0.46453857,-0.09893799,-17.796875,-6.109375,9.90625
561,0.12841797,0.13812256,-0.300354,-7.609375,-57.890625,13.875
562,-1.0480957,-1.335022,-0.5913696,-6.75,-0.78125,-19.765625
563,0.58691406,-2.0,1.2719116,-12.234375,-45.65625,-26.15625
564,-0.8095703,-1.6030884,-0.18682861,-9.9375,-40.65625,16.8125
565,-0.39282227,-1.654602,0.12542725,-14.578125,-65.421875,-20.40625
566,-0.37402344,-1.041565,0.101989746,-29.28125,-49.25,-23.171875
567,-0.44311523,-0.2786255,-0.042785645,-34.09375,-31.046875,3.453125
568,-0.20581055,0.6300659,-0.4036255,-27.8125,28.5,-11.6875
569,0.50097656,0.21844482,-0.02178955,26.8125,8.453125,-25.515625
570,0.2043457,-0.22418213,-0.2571411,20.609375,-19.375,8.296875
571,-0.90283203,-1.7876587,-0.81207275,21.46875,17.359375,4.3125
572,-0.89208984,-2.0,0.39422607,8.140625,14.765625,46.421875
573,-1.1230469,-1.6160278,0.026794434,2.5,75.484375,-2.0625
574,-0.3935547,-1.6257935,0.09442139,39.265625,58.09375,-23.1875
575,-0.13378906,-0.9883423,0.13934326,37.140625,64.0625,28.96875
576,-0.13500977,-0.17779541,-0.19927979,-7.640625,41.546875,16.21875
577,0.39941406,0.39105225,-0.411438,-20.046875,17.21875,2.203125
578,0.6933594,0.26849365,-0.13458252,-15.40625,-19.453125,16.125
579,-0.123046875,-0.2354126,-0.46099854,3.921875,-64.5625,3.0625
580,-0.704834,-2.0,0.7518921,-19.484375,-38.25,-58.25
581,-0.022705078,-2.0,-0.16217041,10.0625,-12.484375,20.34375
582,-0.36743164,-1.8545532,0.062927246,7.203125,-62.109375,5.390625
583,-0.54125977,-1.1694946,0.04901123,-38.546875,-62.4375,-13.78125
584,-0.33032227,-0.5911255,0.11956787,-31.140625,-46.46875,-13.09375
585,-0.22509766,0.22601318,-0.25982666,-35.375,2.640625,-9.28125
586,0.24511719,0.62323,-0.1885376,11.71875,17.359375,-18.703125
587,0.21191406,-0.11993408,0.008483887,14.734375,6.171875,1.140625
588,-0.030761719,-0.4854126,-0.64141846,21.609375,-29.609375,20.953125
589,-0.7780762,-2.0,-0.039855957,40.984375,17.28125,-12.15625
590,-1.098877,-1.6604614,-0.09844971,5.828125,53.546875,20.765625
591,-0.73828125,-1.4954224,0.09466553,31.40625,74.484375,-13.640625
592,-0.14770508,-1.4656372,-0.06890869,32.3125,49.578125,-5.953125
593,-0.111083984,-0.7041626,0.31414795,19.234375,41.5,25.84375
594,0.07446289,0.08709717,-0.49249268,-31.03125,19.9375,10.734375
595,0.4946289,0.4413452,-0.13970947,-16.390625,-0.75,6.796875
596,0.45288086,0.20599365,-0.12628174,-21.34375,-59.8125,18.453125
597,-0.61376953,-0.36138916,-0.24346924,12.25,-50.859375,-2.015625
598,-0.50927734,-2.0,0.39520264,17.4375,-31.78125,-71.421875
599,0.1887207,-2.0,-0.15655518,-24.921875,-48.5625,38.78125
600,-0.68725586,-1.4019165,-0.023010254,7.734375,-73.6875,4.875
601,-0.47680664,-1.3621216,0.20111084,-29.4375,-42.515625,-20.03125
602,-0.27270508,-0.7251587,0.023132324,-13.15625,-42.5625,-9.578125
603,-0.25878906,0.19232178,-0.23760986,-40.65625,1.28125,6.90625
604,0.18530273,0.7001343,-0.22393799,8.65625,20.5,-20.265625
605,0.31640625,-0.19903564,0.0048217773,24.875,10.578125,-7.78125
606,-0.034179688,-0.55474854,-0.612854,21.65625,-21.234375,24.21875
607,-0.69384766,-2.0,-0.113586426,27.40625,62.140625,-24.484375
608,-1.2895508,-1.6194458,-0.09136963,11.96875,39.046875,26.96875
609,-0.8605957,-1.3352661,-0.055236816,16.125,78.921875,-22.140625
610,-0.26464844,-1.5730591,0.04046631,50.109375,58.546875,-5.65625
611,-0.021240234,-0.78131104,0.011169434,29.09375,53.96875,26.265625
612,0.1171875,-0.019592285,-0.30670166,-29.09375,15.046875,16.703125
613,0.42114258,0.60491943,-0.2793579,-20.234375,-0.4375,6.4375
614,0.46679688,0.08709717,-0.066711426,-23.1875,-47.21875,8.5625
615,-0.3959961,-0.31915283,-0.29351807,5.75,-59.171875,-7.328125
616,-0.5817871,-2.0,0.51898193,-25.515625,-57.859375,-48.1875
617,0.06640625,-2.0,0.2838745,4.234375,-12.34375,35.96875
618,-0.71191406,-1.385315,-0.057922363,10.140625,-44.4375,0.234375
619,-0.5229492,-1.2266235,0.14642334,-31.09375,-50.453125,-32.296875
620,-0.21069336,-0.7781372,0.20770264,-12.8125,-37.484375,-0.375
621,-0.38452148,0.32977295,-0.35211182,-33.234375,-1.859375,5.6875
622,0.35205078,0.4833374,-0.13165283,17.09375,21.078125,-20.1875
623,0.2055664,-0.15826416,0.038269043,26.359375,16.375,-2.515625
624,-0.05444336,-0.5484009,-0.64727783,16.84375,-16.453125,18.71875
625,-0.5463867,-2.0,-0.37335205,37.796875,23.828125,-21.171875
626,-1.161377,-1.61969,-0.17144775,3.859375,29.765625,29.296875
627,-0.81152344,-1.5513306,0.062438965,19.828125,80.28125,-6.15625
628,-0.23022461,-1.4829712,-0.00079345703,37.09375,54.4375,-8.40625
629,-0.1081543,-0.76568604,0.078308105,23.515625,52.515625,23.140625
630,0.11669922,0.062194824,-0.2732544,-31.03125,31.421875,12.8125
631,0.5007324,0.51849365,-0.30792236,-21.171875,-0.28125,5.40625
632,0.34643555,0.1539917,-0.13043213,-11.015625,-45.078125,10.03125
633,-0.21899414,-0.33721924,-0.2756958,6.6875,-53.21875,5.28125
634,-0.66137695,-1.9404907,-0.097961426,-1.859375,1.875,-44.890625
635,0.81274414,-2.0,0.082458496,2.515625,-28.578125,35.546875
636,-0.7885742,-1.5418091,-0.20806885,3.828125,-56.828125,8.015625
637,-0.4892578,-1.3442993,0.14105225,-24.25,-47.1875,-20.578125
638,-0.087402344,-0.9378052,0.0446167,-24.84375,-42.765625,-15.78125
639,-0.36889648,0.001159668,-0.16558838,-44.921875,-19.5,13.03125
640,-0.083496094,0.7472534,-0.2859497,-5.96875,22.59375,-16.71875
641,0.40722656,-0.021057129,-0.06378174,29.6875,11.125,-15.3125
642,0.023925781,-0.2942505,-0.4961548,26.578125,-22.453125,20.5625
643,-1.6052246,-2.0,-0.616272,7.828125,64.15625,-15.671875
644,-0.65283203,-2.0,0.37249756,18.6875,17.40625,43.90625
645,-1.263916,-1.4815063,0.117614746,29.328125,87.265625,3.796875
646,-0.24243164,-1.5349731,-0.18341064,49.671875,66.515625,-23.796875
647,-0.051513672,-1.109436,0.21844482,31.640625,38.5,16.90625
648,-0.18676758,-0.22589111,-0.29107666,-22.375,28.09375,18.203125
649,0.37963867,0.51849365,-0.4043579,-20.25,17.484375,2.375
650,0.77197266,0.24798584,-0.026672363,-10.828125,-31.21875,16.703125
651,-0.13574219,-0.07281494,-0.38482666,13.625,-72.96875,2.96875
652,-1.1164551,-1.8967896,-0.37384033,-10.9375,8.390625,-45.953125
653,0.5600586,-2.0,0.28729248,-4.5625,-28.09375,-10.6875
654,-0.6508789,-1.6653442,-0.2432251,-3.59375,-38.1875,25.53125
655,-0.4868164,-1.4751587,-0.046203613,-42.75,-59.5,-24.09375
656,-0.41601562,-0.97857666,0.17108154,-32.328125,-53.6875,-22.34375
657,-0.35327148,-0.062316895,-0.15899658,-49.171875,-26.109375,8.40625
658,-0.010986328,0.8185425,-0.2913208,2.75,24.671875,-11.984375
659,0.38916016,-0.062805176,-0.06817627,38.890625,12.21875,-0.828125
660,0.13623047,-0.2962036,-0.47052002,26.078125,-28.53125,21.53125
661,-1.3649902,-2.0,-0.5745239,17.6875,57.875,-13.84375
662,-0.7685547,-2.0,-0.06964111,17.84375,29.515625,48.015625
663,-1.0600586,-1.6213989,0.08831787,6.78125,66.65625,6.4375
664,-0.3935547,-1.5354614,-0.051330566,29.5625,59.421875,-18.34375
665,-0.103271484,-1.0686646,0.038024902,20.640625,54.796875,14.8125
666,-0.0029296875,-0.255188,-0.19708252,-10.015625,39.328125,14.765625
667,0.41577148,0.4003296,-0.38531494,-29.15625,0.375,8.796875
668,0.48510742,0.32122803,-0.11407471,-10.359375,-28.46875,21.53125
669,-0.18310547,-0.25787354,-0.46246338,14.4375,-66.9375,10.578125
670,-0.7451172,-2.0,-0.09112549,-10.40625,-1.703125,-65.46875
671,0.26635742,-2.0,-0.14093018,11.625,-7.203125,31.515625
672,-0.26464844,-1.7039185,-0.11578369,4.875,-65.109375,2.5625
673,-0.5251465,-1.3721313,0.031921387,-23.671875,-54.859375,-13.59375
674,-0.13964844,-0.8687134,-0.09161377,-21.5625,-37.671875,-22.140625
675,-0.18920898,-0.22393799,-0.04888916,-40.296875,-21.015625,0.4375
676,-0.12768555,0.6769409,-0.30743408,-16.921875,20.078125,-0.21875
677,0.2932129,0.043884277,-0.008850098,32.453125,10.6875,-14.875
678,0.068847656,-0.31451416,-0.54473877,31.34375,-17.09375,19.296875
679,-1.2202148,-2.0,-0.74224854,7.0,54.28125,-8.59375
680,-0.46533203,-2.0,0.38763428,-1.484375,8.34375,47.9375
681,-0.9909668,-1.6218872,0.055603027,-2.65625,49.671875,-0.3125
682,-0.38452148,-1.5269165,-0.055236816,34.390625,49.328125,-15.359375
683,-0.09326172,-1.0388794,-0.09136963,25.75,50.1875,13.484375
684,0.0007324219,-0.269104,-0.0037231445,0.140625,44.3125,13.921875
685,0.3154297,0.35028076,-0.3970337,-22.140625,1.46875,6.203125
686,0.5144043,0.23529053,-0.04522705,-11.9375,-9.234375,8.78125
687,0.0021972656,-0.13726807,-0.40875244,9.984375,-59.0,0.734375
688,-1.0720215,-2.0,-0.29522705,-56.859375,3.59375,-67.65625
689,0.19091797,-2.0,0.28607178,13.09375,-7.265625,26.125
690,-0.53930664,-1.3977661,-0.33624268,9.546875,-34.65625,4.046875
691,-0.41748047,-1.3609009,0.039489746,-30.234375,-50.265625,-25.125
692,-0.24243164,-1.0308228,0.12298584,-17.125,-44.6875,-25.3125
693,-0.20751953,-0.13238525,-0.024475098,-35.140625,-18.421875,0.40625
694,-0.10595703,0.63861084,-0.27764893,-4.46875,34.515625,-10.9375
695,0.3642578,-0.047424316,-0.01373291,27.4375,21.4375,-4.640625
696,0.14208984,-0.19342041,-0.50372314,34.53125,-16.015625,18.140625
697,-1.1674805,-2.0,-0.8921509,5.8125,38.734375,-18.515625
698,-0.90063477,-2.0,0.2345581,29.34375,21.390625,51.90625
699,-0.98217773,-1.5930786,0.19940186,13.34375,69.21875,2.515625
700,-0.21533203,-1.447815,-0.085754395,27.078125,35.453125,-20.21875
701,-0.10107422,-1.1438599,0.16131592,23.34375,32.234375,27.21875
702,-0.29492188,-0.37091064,-0.037902832,-4.0625,28.4375,14.265625
703,0.24365234,0.24749756,-0.28424072,-21.875,18.765625,-2.203125
704,0.6101074,0.28338623,-0.06964111,-14.109375,-19.328125,12.421875
705,0.1459961,0.026062012,-0.42144775,1.828125,-67.171875,13.53125
706,-1.2556152,-1.704895,-0.7620239,-25.203125,7.34375,-23.671875
707,0.5354004,-2.0,1.0214233,16.03125,-44.15625,1.953125
708,-0.671875,-1.633606,-0.206604,-9.921875,-38.0625,16.546875
709,-0.57006836,-1.6221313,0.0848999,-18.453125,-58.234375,-14.609375
710,-0.25634766,-1.0723267,-0.10650635,-21.84375,-39.03125,-24.078125
711,-0.36279297,-0.43121338,0.029968262,-38.359375,-22.8125,7.09375
712,-0.39282227,0.45062256,-0.2366333,-22.890625,9.6875,-6.453125
713,0.44311523,0.3895874,-0.093322754,17.421875,23.953125,-29.21875
714,0.27148438,-0.21490479,-0.28424072,28.296875,0.46875,11.984375
715,-0.3046875,-0.940979,-0.49371338,17.359375,-1.9375,14.09375
716,-0.98779297,-2.0,0.48284912,-16.875,-35.53125,17.34375
717,-0.94384766,-1.6931763,0.0072631836,1.703125,68.78125,5.265625
718,-0.3310547,-1.3843384,-0.06109619,27.390625,59.046875,-15.984375
719,-0.21777344,-1.1067505,0.043151855,22.328125,35.75,8.546875
720,-0.09350586,-0.3821411,-0.0071411133,6.09375,46.078125,21.359375
721,0.2368164,0.30096436,-0.36968994,-26.109375,11.609375,10.9375
722,0.6945801,0.3756714,-0.0635376,-17.796875,-19.734375,10.375
723,0.1743164,0.026062012,-0.30548096,-5.46875,-67.125,9.59375
724,-1.7126465,-2.0,-0.65093994,-43.59375,19.4375,-20.78125
725,0.32250977,-2.0,0.9293823,18.125,-2.171875,-11.8125
726,-0.6279297,-1.5281372,-0.29229736,8.203125,-16.453125,29.171875
727,-0.2409668,-1.6030884,0.022399902,-10.5625,-65.21875,-21.046875
728,-0.4086914,-1.234436,0.137146,-26.21875,-52.078125,-25.234375
729,-0.453125,-0.31402588,-0.05596924,-30.953125,-22.40625,11.453125
730,-0.13793945,0.59490967,-0.39019775,-21.96875,14.921875,-18.0
731,0.44506836,0.2819214,0.001159668,26.078125,20.015625,-17.671875
732,0.19091797,-0.19293213,-0.18609619,22.421875,-7.921875,11.046875
733,-0.11645508,-0.8699341,-0.5930786,25.109375,-19.03125,11.625
734,-1.2353516,-2.0,0.8944702,-10.640625,-25.046875,35.265625
735,-1.2009277,-1.6558228,0.14031982,0.3125,69.265625,0.65625
736,-0.37768555,-1.612854,-0.074523926,32.53125,56.28125,-22.546875
737,-0.09643555,-1.3650513,-0.0647583,30.90625,43.078125,20.53125
738,-0.29614258,-0.45343018,0.11517334,18.703125,45.21875,17.078125
739,0.27856445,0.19866943,-0.3821411,-24.984375,28.359375,3.546875
740,0.736084,0.355896,-0.1765747,-13.8125,-3.34375,15.109375
741,0.24804688,0.07269287,-0.06036377,-16.46875,-67.859375,16.265625
742,-0.69091797,-0.55718994,-0.30743408,8.328125,-47.46875,-8.984375
743,-0.5942383,-2.0,0.91937256,-0.421875,-55.390625,-63.546875
744,-0.13232422,-1.9539185,-0.25323486,-24.265625,-66.6875,18.03125
745,-0.52612305,-1.6528931,0.047546387,-4.515625,-82.859375,-3.796875
746,-0.3630371,-1.2127075,-0.058654785,-31.140625,-52.9375,-24.34375
747,-0.3347168,-0.5623169,-0.0049438477,-20.046875,-39.25,4.65625
748,-0.23266602,0.25360107,-0.3008423,-32.828125,1.171875,3.40625
749,0.08691406,0.5067749,-0.13311768,9.421875,15.890625,-21.0625
750,0.14794922,-0.19146729,0.07171631,23.796875,18.421875,-4.25
751,-0.04638672,-0.61016846,-0.7737427,24.609375,-17.734375,16.640625
752,-0.7939453,-2.0,-0.11065674,38.109375,64.765625,-32.734375
753,-0.96972656,-1.6795044,-0.12677002,3.359375,26.859375,23.203125
754,-0.7663574,-1.4888306,0.11053467,37.34375,75.46875,3.078125
755,-0.3725586,-1.5039673,0.020202637,24.828125,47.921875,-5.5
756,-0.107177734,-0.7612915,-0.0095825195,22.734375,46.03125,14.46875
757,0.0390625,0.19012451,-0.30133057,-14.53125,49.671875,11.1875
758,0.6286621,0.42425537,-0.31915283,-14.203125,9.25,0.34375
759,0.50878906,0.0927124,-0.09112549,-19.1875,-43.15625,20.875
