sample_no,accel_x,accel_y,accel_z,gyro_x,gyro_y,gyro_z
0,0.8544922,-0.04888916,0.4953003,0.09375,0.453125,0.875
1,0.8557129,-0.054748535,0.49261475,0.078125,0.671875,0.71875
2,0.86328125,-0.044006348,0.49383545,0.0,0.46875,1.0625
3,0.8601074,-0.05279541,0.49554443,-1.421875,1.125,1.09375
4,0.8713379,-0.039611816,0.49139404,-1.5,1.359375,1.28125
5,0.875,-0.033996582,0.49212646,-0.96875,1.578125,1.296875
6,0.8781738,-0.03326416,0.49554443,-0.71875,2.609375,1.109375
7,0.85913086,-0.023010254,0.46697998,-3.734375,1.703125,2.203125
8,0.8618164,-0.020568848,0.48602295,-1.71875,0.859375,1.859375
9,0.86865234,-0.018127441,0.48431396,-0.8125,1.5625,1.375
10,0.86816406,-0.022766113,0.47894287,-2.265625,0.375,1.671875
11,0.8703613,-0.009094238,0.47869873,-2.484375,1.15625,1.28125
12,0.8666992,-0.0044555664,0.4772339,-0.875,1.65625,0.796875
13,0.86621094,0.0048217773,0.4706421,-0.109375,0.921875,0.75
14,0.8659668,0.0119018555,0.46990967,1.484375,0.625,0.078125
15,0.876709,0.005065918,0.49017334,3.96875,1.6875,-1.75
16,0.8684082,-0.008361816,0.48065186,5.765625,-0.734375,-3.53125
17,0.85839844,-0.04449463,0.45843506,4.734375,-3.15625,-4.5
18,0.8586426,-0.057922363,0.45355225,2.96875,-3.3125,-4.0
19,0.8779297,-0.054504395,0.49017334,3.109375,-1.3125,-2.234375
20,0.89697266,-0.053771973,0.5001831,2.421875,-0.515625,-1.03125
21,0.88623047,-0.04547119,0.48529053,-0.484375,1.078125,0.15625
22,0.8754883,-0.029846191,0.46868896,-0.890625,0.84375,-0.0625
23,0.88012695,-0.0134887695,0.4899292,1.984375,0.40625,-0.875
24,0.87109375,-0.022277832,0.496521,4.625,-1.34375,-0.96875
25,0.859375,-0.030334473,0.4779663,2.234375,-2.390625,-0.6875
26,0.859375,-0.031066895,0.4743042,0.421875,-0.921875,-0.875
27,0.86499023,-0.046936035,0.49700928,1.5,-1.390625,-1.640625
28,0.87280273,-0.042785645,0.49822998,1.140625,-1.640625,-0.84375
29,0.87109375,-0.055725098,0.49822998,0.65625,-2.015625,0.078125
30,0.8857422,-0.055480957,0.51678467,1.75,-0.65625,0.328125
31,0.89086914,-0.069885254,0.50994873,2.015625,-0.671875,1.109375
32,0.84765625,-0.07891846,0.48602295,-2.515625,1.84375,3.234375
33,0.8569336,-0.024230957,0.49432373,-3.828125,4.75,4.328125
34,0.86572266,-0.010070801,0.5036011,-3.375,4.265625,2.9375
35,0.8823242,0.008972168,0.48529053,-3.03125,2.75,2.828125
36,0.86450195,0.016296387,0.45770264,-3.9375,1.375,3.53125
37,0.86083984,0.011413574,0.44476318,-1.640625,0.625,1.5
38,0.8762207,0.010192871,0.48651123,-0.140625,-1.515625,1.515625
39,0.86743164,-0.0178833,0.49017334,-0.65625,-1.953125,1.3125
40,0.8808594,-0.026428223,0.49749756,-3.296875,1.015625,1.3125
41,0.86279297,-0.0154418945,0.48162842,-3.078125,1.109375,1.109375
42,0.86816406,0.018493652,0.4767456,0.390625,2.046875,-0.09375
43,0.87158203,0.046081543,0.47821045,1.578125,3.265625,0.21875
44,0.86743164,0.0289917,0.48138428,2.546875,2.53125,-0.734375
45,0.86694336,0.024108887,0.46990967,4.59375,-1.125,-1.5
46,0.86157227,0.010925293,0.47088623,7.75,-0.375,-4.25
47,0.86743164,-0.019104004,0.4537964,7.65625,-2.140625,-5.71875
48,0.8510742,-0.058654785,0.46844482,5.40625,-4.78125,-5.953125
49,0.8774414,-0.0647583,0.4767456,4.75,-4.171875,-4.703125
50,0.8972168,-0.04937744,0.47576904,1.140625,-1.953125,-2.640625
51,0.9094238,-0.031555176,0.5145874,1.765625,1.40625,-0.9375
52,0.8823242,-0.042541504,0.5001831,-0.25,1.515625,0.78125
53,0.87768555,-0.035705566,0.47210693,0.265625,1.28125,0.46875
54,0.8642578,-0.014709473,0.4755249,1.953125,0.046875,-0.328125
55,0.857666,-0.010803223,0.50408936,4.71875,-2.109375,-1.640625
56,0.8601074,-0.03277588,0.496521,3.875,-4.25,-1.375
57,0.8601074,-0.049865723,0.49847412,0.578125,-3.046875,0.140625
58,0.86157227,-0.07550049,0.5048218,-1.515625,-0.546875,0.703125
59,0.8515625,-0.070129395,0.512146,-3.03125,1.828125,1.484375
60,0.8654785,-0.027648926,0.5009155,-4.515625,2.515625,3.171875
61,0.88793945,0.0004272461,0.49993896,-3.328125,3.734375,3.65625
62,0.8828125,0.010925293,0.4940796,-0.578125,3.3125,3.21875
63,0.86621094,-0.0051879883,0.4869995,0.921875,0.984375,2.15625
64,0.85180664,-0.018615723,0.47357178,0.421875,-1.265625,0.9375
65,0.8562012,-0.028869629,0.4850464,-0.90625,-0.453125,0.625
66,0.8564453,-0.024963379,0.48529053,-2.78125,1.453125,1.234375
67,0.8676758,-0.019104004,0.48773193,-2.296875,1.0,1.078125
68,0.8737793,-0.004699707,0.4874878,-1.671875,1.484375,0.921875
69,0.8947754,0.023376465,0.46917725,-0.921875,1.09375,0.15625
70,0.87597656,0.012390137,0.4772339,0.5625,-0.953125,0.3125
71,0.8708496,0.013366699,0.5031128,2.75,1.5,-0.515625
72,0.8642578,-0.0017700195,0.48895264,2.828125,1.53125,-1.59375
73,0.86328125,0.00970459,0.479187,4.765625,1.046875,-3.515625
74,0.8625488,0.0004272461,0.47894287,7.5625,0.078125,-5.53125
75,0.8391113,-0.031066895,0.4557495,5.0625,-4.96875,-4.765625
76,0.859375,-0.04034424,0.45135498,1.4375,-5.171875,-2.9375
77,0.8803711,-0.043029785,0.4862671,2.359375,-2.65625,-1.8125
78,0.89331055,-0.046936035,0.51361084,3.1875,-0.96875,-0.96875
79,0.88842773,-0.047912598,0.5211792,1.375,0.1875,-0.875
80,0.87768555,-0.042785645,0.5036011,0.28125,0.9375,-0.734375
81,0.873291,-0.027648926,0.48773193,1.75,0.515625,-1.171875
82,0.84594727,-0.020324707,0.4784546,2.125,-0.125,-0.796875
83,0.8466797,-0.0178833,0.49749756,3.6875,-0.890625,-0.59375
84,0.8532715,-0.039611816,0.49676514,2.59375,-1.53125,-0.90625
85,0.86499023,-0.05596924,0.49139404,1.859375,-2.953125,-1.03125
86,0.8852539,-0.06427002,0.51727295,-0.078125,-2.390625,0.4375
87,0.86865234,-0.07867432,0.52459717,0.265625,-0.828125,1.75
88,0.85253906,-0.065979004,0.5018921,-2.359375,3.09375,3.546875
89,0.8605957,-0.022033691,0.48724365,-5.34375,3.4375,3.625
90,0.8874512,0.0033569336,0.52215576,-1.59375,3.78125,1.84375
91,0.87402344,-0.007385254,0.4857788,-0.84375,1.65625,2.375
92,0.8491211,-0.0020141602,0.46795654,-1.671875,-0.03125,2.46875
93,0.83740234,-0.0015258789,0.49432373,-0.359375,0.0625,1.9375
94,0.84887695,-0.015197754,0.49041748,0.40625,-1.5625,1.25
95,0.86083984,-0.019348145,0.5079956,-3.359375,0.65625,1.515625
96,0.86938477,-0.02935791,0.5018921,-3.6875,1.3125,1.703125
97,0.87109375,0.0004272461,0.48309326,-1.375,0.328125,1.328125
98,0.8696289,0.017028809,0.4796753,-1.0,2.125,0.703125
99,0.8823242,0.031188965,0.50457764,1.15625,2.59375,0.03125
100,0.8713379,0.019958496,0.49456787,3.109375,2.921875,-2.203125
101,0.88183594,0.022644043,0.4874878,7.453125,0.890625,-4.296875
102,0.842041,-0.016906738,0.47406006,6.203125,-0.71875,-4.390625
103,0.8425293,-0.035217285,0.46014404,4.15625,-4.1875,-4.765625
104,0.85717773,-0.054992676,0.46697998,2.984375,-4.59375,-4.46875
105,0.8808594,-0.043762207,0.5023804,1.953125,-2.515625,-2.25
106,0.9033203,-0.04107666,0.5187378,1.0,0.140625,-1.0
107,0.8935547,-0.03741455,0.51239014,-0.203125,1.28125,-0.5625
108,0.86743164,-0.026916504,0.49041748,0.921875,1.25,-0.75
109,0.8613281,-0.023010254,0.47650146,1.84375,0.5,-0.609375
110,0.85595703,-0.015686035,0.4887085,2.9375,-0.046875,-0.765625
111,0.84887695,-0.027648926,0.49188232,3.4375,-0.703125,-0.953125
112,0.8601074,-0.04058838,0.5055542,2.609375,-1.25,-1.203125
113,0.87231445,-0.06549072,0.51898193,1.921875,-2.796875,-0.984375
114,0.8918457,-0.078430176,0.5165405,0.984375,-3.03125,0.015625
115,0.8666992,-0.08453369,0.5170288,-3.203125,0.984375,2.890625
116,0.8391113,-0.054504395,0.47821045,-7.4375,5.390625,5.796875
117,0.8876953,0.020690918,0.50042725,-7.390625,6.453125,4.859375
118,0.8898926,0.023864746,0.4977417,-2.625,3.890625,3.5
119,0.8676758,0.013122559,0.47283936,-1.796875,-0.265625,3.015625
120,0.85302734,0.023620605,0.46429443,-1.046875,-0.671875,1.625
121,0.83935547,0.006286621,0.4743042,0.109375,-2.609375,0.90625
122,0.85668945,-0.018371582,0.49749756,-2.015625,-0.125,0.296875
123,0.87060547,-0.01373291,0.50213623,-3.6875,0.859375,1.0
124,0.8815918,-0.002746582,0.4882202,-2.984375,1.296875,1.296875
125,0.8847656,0.031188965,0.48968506,-0.28125,1.421875,0.578125
126,0.8652344,0.034851074,0.48309326,1.8125,1.796875,0.125
127,0.86694336,0.028747559,0.49505615,3.515625,1.921875,-1.140625
128,0.85424805,0.020935059,0.49090576,6.953125,-0.921875,-2.734375
129,0.8522949,0.0060424805,0.4874878,8.25,-0.328125,-5.0625
130,0.8425293,-0.015930176,0.4779663,8.296875,-1.34375,-6.421875
131,0.8383789,-0.0491333,0.46453857,4.578125,-3.859375,-5.015625
132,0.8720703,-0.042297363,0.46868896,3.328125,-3.890625,-3.5625
133,0.892334,-0.029846191,0.49969482,2.015625,-1.15625,-1.515625
134,0.8869629,-0.03692627,0.48895264,0.140625,0.015625,0.46875
135,0.8930664,-0.025939941,0.51434326,1.40625,0.640625,-0.640625
136,0.87890625,-0.03375244,0.51068115,4.25,-0.046875,-1.625
137,0.8552246,-0.037902832,0.4869995,3.015625,-1.703125,-1.625
138,0.8457031,-0.028137207,0.49066162,1.84375,-0.5625,-1.140625
139,0.8430176,-0.02520752,0.49945068,2.59375,-0.8125,-0.90625
140,0.85839844,-0.04864502,0.50946045,2.671875,-2.390625,-1.015625
141,0.88134766,-0.070373535,0.5175171,1.109375,-3.84375,-0.046875
142,0.8696289,-0.08355713,0.51361084,-0.84375,-1.6875,1.203125
143,0.8496094,-0.06842041,0.50823975,-3.25,5.15625,3.65625
144,0.85595703,-0.024475098,0.50408936,-5.25,4.71875,4.953125
145,0.8959961,0.010681152,0.52093506,-2.078125,4.5,2.921875
146,0.8769531,0.002380371,0.48065186,-1.171875,2.15625,2.828125
147,0.85302734,0.014831543,0.4833374,-1.234375,0.96875,2.546875
148,0.8391113,-0.0071411133,0.47772217,0.59375,-0.53125,0.734375
149,0.84643555,-0.015930176,0.47698975,-0.109375,-0.03125,0.578125
150,0.8601074,-0.016174316,0.47576904,-3.15625,1.171875,0.890625
151,0.8684082,-0.015930176,0.51556396,-1.078125,-0.140625,0.109375
152,0.8847656,-0.003479004,0.4874878,-0.25,0.15625,0.234375
153,0.87768555,0.008728027,0.48431396,0.0625,0.453125,0.5
154,0.87524414,0.012390137,0.5018921,1.671875,2.109375,-0.546875
155,0.8618164,0.0040893555,0.49945068,3.375,1.046875,-1.875
156,0.86035156,0.0021362305,0.48602295,4.578125,0.015625,-2.75
157,0.8544922,0.00018310547,0.47772217,5.078125,-0.46875,-3.921875
158,0.8378906,-0.01739502,0.45843506,3.828125,-3.84375,-4.34375
159,0.85595703,-0.04156494,0.47381592,4.421875,-4.125,-4.109375
160,0.8798828,-0.05670166,0.50115967,3.265625,-2.5,-2.625
161,0.89990234,-0.046691895,0.5165405,1.515625,-1.046875,-1.265625
162,0.8930664,-0.03765869,0.5140991,-0.515625,1.171875,-0.71875
163,0.8718262,-0.035461426,0.5023804,-0.25,2.109375,-0.125
164,0.86865234,-0.024719238,0.494812,2.15625,0.8125,-0.546875
165,0.8535156,-0.022277832,0.48968506,2.5625,-0.046875,-0.734375
166,0.8430176,-0.030578613,0.4804077,1.296875,-0.9375,-0.4375
167,0.85498047,-0.022766113,0.50897217,2.328125,-1.234375,-0.984375
168,0.86816406,-0.058898926,0.5194702,4.640625,-3.375,-1.0
169,0.8798828,-0.08331299,0.5182495,0.84375,-3.140625,0.0625
170,0.86499023,-0.0713501,0.5038452,-3.4375,1.15625,2.015625
171,0.8547363,-0.05255127,0.5092163,-3.15625,4.234375,3.75
172,0.89160156,-0.0020141602,0.51239014,-2.390625,3.453125,3.1875
173,0.888916,0.0072631836,0.5084839,-0.515625,2.109375,2.125
174,0.8654785,-0.0012817383,0.49798584,0.078125,1.234375,1.53125
175,0.83740234,-0.0064086914,0.4767456,-0.453125,-0.546875,1.484375
176,0.8354492,-0.019592285,0.4882202,0.140625,-1.1875,1.5
177,0.8430176,-0.03375244,0.50213623,-0.6875,-0.390625,1.703125
178,0.859375,-0.03326416,0.49945068,-3.25,0.734375,1.359375
179,0.87890625,-0.0071411133,0.52020264,-1.59375,0.71875,0.765625
180,0.87524414,-0.0044555664,0.48797607,-1.078125,1.171875,0.484375
181,0.8811035,0.028259277,0.4784546,-0.625,2.65625,1.09375
182,0.85961914,0.028015137,0.49334717,1.046875,2.234375,0.015625
183,0.86206055,0.013366699,0.51434326,5.109375,0.15625,-2.109375
184,0.85180664,-0.00079345703,0.49212646,6.046875,-1.5625,-3.46875
185,0.8383789,-0.016906738,0.46746826,4.84375,-2.96875,-4.109375
186,0.845459,-0.043029785,0.47235107,4.296875,-3.859375,-5.359375
187,0.8630371,-0.050598145,0.4989624,3.828125,-2.3125,-4.453125
188,0.8754883,-0.046936035,0.513855,2.34375,-1.5,-2.03125
189,0.8935547,-0.04547119,0.5109253,-0.375,0.375,-0.28125
190,0.88134766,-0.031311035,0.50994873,-0.484375,1.921875,0.140625
191,0.8630371,-0.031311035,0.50531006,2.375,1.4375,-0.296875
192,0.84936523,-0.023254395,0.49578857,3.734375,-0.296875,-0.890625
193,0.84472656,-0.02960205,0.50042725,3.40625,-0.875,-1.578125
194,0.8479004,-0.034729004,0.49871826,2.8125,-0.421875,-1.203125
195,0.8640137,-0.047424316,0.5158081,2.40625,-1.203125,-0.234375
196,0.8701172,-0.0647583,0.5114136,1.234375,-1.953125,0.296875
197,0.87768555,-0.06573486,0.5036011,-1.515625,1.140625,1.25
198,0.8522949,-0.05328369,0.49847412,-4.0,3.796875,3.46875
199,0.8725586,-0.01373291,0.5248413,-1.984375,3.515625,3.015625
200,0.8820801,-0.01763916,0.51190186,-0.3125,2.09375,1.953125
201,0.86572266,-0.02130127,0.48260498,-1.953125,2.046875,2.4375
202,0.85546875,-0.00592041,0.47357178,-1.8125,0.140625,1.796875
203,0.85595703,-0.018615723,0.48065186,0.015625,-0.15625,0.625
204,0.85180664,-0.030578613,0.48724365,-1.109375,-0.03125,1.078125
205,0.86450195,-0.01373291,0.5009155,-3.53125,0.484375,1.703125
206,0.8703613,-0.010559082,0.49871826,-2.09375,-0.234375,1.671875
207,0.8703613,0.0038452148,0.48968506,-1.109375,0.671875,0.859375
208,0.87646484,0.010681152,0.49090576,1.171875,1.265625,-0.03125
209,0.8713379,0.0079956055,0.5014038,2.8125,1.5625,-1.140625
210,0.86450195,0.004333496,0.4928589,3.734375,-0.015625,-2.34375
211,0.8552246,-0.0071411133,0.49700928,6.09375,-0.53125,-3.90625
212,0.828125,-0.039367676,0.46502686,3.859375,-2.046875,-4.03125
213,0.857666,-0.033996582,0.46014404,2.109375,-3.28125,-4.09375
214,0.8671875,-0.040100098,0.49554443,1.375,-1.453125,-2.171875
215,0.892334,-0.03643799,0.52020264,4.171875,-1.875,-2.046875
216,0.8947754,-0.045959473,0.5194702,2.359375,-0.859375,-1.421875
217,0.87890625,-0.03643799,0.5072632,0.125,0.234375,-0.9375
218,0.86865234,-0.024475098,0.49945068,0.71875,1.046875,-0.65625
219,0.8496094,-0.019592285,0.4928589,2.375,0.09375,-0.84375
220,0.8496094,-0.019104004,0.49505615,2.65625,0.21875,-0.5625
221,0.85913086,-0.03302002,0.5031128,2.21875,-1.0625,-0.546875
222,0.8640137,-0.04864502,0.5116577,2.140625,-2.3125,-0.359375
223,0.8613281,-0.06451416,0.5145874,0.390625,-1.171875,0.796875
224,0.8383789,-0.07232666,0.5055542,-4.03125,3.328125,3.046875
225,0.8676758,-0.018127441,0.5043335,-4.78125,3.5625,4.171875
226,0.8901367,-0.011291504,0.512146,-2.375,3.5,2.546875
227,0.8876953,0.009216309,0.49627686,0.109375,2.21875,1.78125
228,0.85961914,-0.010803223,0.47357178,-1.140625,0.171875,1.59375
229,0.86206055,-0.0056762695,0.46307373,-0.328125,-0.421875,0.109375
230,0.8503418,-0.024475098,0.49383545,0.0625,0.09375,0.46875
231,0.8630371,-0.023742676,0.5133667,-0.21875,0.390625,0.65625
232,0.8618164,-0.026428223,0.4953003,-2.84375,0.25,0.984375
233,0.86865234,-0.0015258789,0.48846436,-2.03125,0.953125,0.90625
234,0.8811035,0.014099121,0.48675537,0.4375,0.6875,0.25
235,0.8754883,0.016052246,0.49798584,2.1875,0.6875,-0.234375
236,0.8703613,0.012878418,0.50213623,2.203125,1.234375,-1.265625
237,0.86328125,0.009460449,0.4960327,4.078125,-0.46875,-2.203125
238,0.86035156,-0.008117676,0.49261475,5.890625,-0.109375,-3.984375
239,0.8417969,-0.030334473,0.463562,3.96875,-2.734375,-3.6875
240,0.8552246,-0.04034424,0.46917725,2.25,-3.578125,-3.109375
241,0.8781738,-0.037902832,0.49578857,1.9375,-1.078125,-2.0
242,0.89160156,-0.03326416,0.5038452,0.96875,0.265625,-0.625
243,0.89404297,-0.026672363,0.51556396,1.015625,0.3125,-0.65625
244,0.86694336,-0.026916504,0.4940796,0.1875,0.40625,-0.640625
245,0.8708496,-0.022033691,0.48382568,1.734375,-0.25,-1.125
246,0.85424805,-0.016662598,0.49432373,1.421875,0.546875,-0.84375
247,0.8557129,-0.021057129,0.5128784,3.953125,-0.546875,-1.03125
248,0.86279297,-0.04522705,0.5128784,4.328125,-3.3125,-1.5
249,0.85498047,-0.059631348,0.5006714,0.65625,-2.34375,-0.65625
250,0.8701172,-0.058166504,0.51116943,-0.78125,0.0625,0.453125
251,0.85839844,-0.061340332,0.5079956,-1.84375,2.96875,1.875
252,0.86206055,-0.0413208,0.50457764,-2.34375,2.765625,3.359375
253,0.88012695,-0.009338379,0.5043335,-2.03125,2.953125,2.734375
254,0.8742676,-6.1035156e-05,0.4940796,-1.25,2.765625,2.265625
255,0.85961914,0.001159668,0.47869873,-1.90625,0.859375,2.125
256,0.8588867,-0.00079345703,0.47357178,-1.171875,-0.140625,1.296875
257,0.8623047,-0.008361816,0.49139404,0.203125,-0.609375,0.296875
258,0.8544922,-0.018859863,0.4977417,-0.8125,0.015625,0.46875
259,0.8613281,-0.019348145,0.50653076,-1.03125,-0.0625,0.90625
260,0.8684082,-0.0068969727,0.48187256,-2.296875,0.8125,1.296875
261,0.8845215,0.012878418,0.4784546,-0.640625,1.5625,0.328125
262,0.8703613,0.0065307617,0.49676514,2.34375,1.53125,-0.828125
263,0.86987305,0.012634277,0.5128784,4.953125,0.421875,-2.328125
264,0.857666,-0.0064086914,0.49139404,5.671875,-1.390625,-3.59375
265,0.8466797,-0.0335083,0.47821045,5.296875,-2.1875,-4.3125
266,0.8466797,-0.046691895,0.4706421,3.265625,-3.5625,-4.171875
267,0.8713379,-0.04547119,0.48480225,2.8125,-2.328125,-3.15625
268,0.87524414,-0.042053223,0.49969482,1.765625,-0.90625,-0.90625
269,0.88500977,-0.027160645,0.50946045,0.21875,0.453125,-0.125
270,0.87158203,-0.027893066,0.51190186,1.015625,0.390625,-0.4375
271,0.8613281,-0.030090332,0.5014038,2.046875,0.046875,-0.59375
272,0.85546875,-0.020080566,0.49432373,2.859375,-0.546875,-0.984375
273,0.8581543,-0.023254395,0.50579834,3.15625,-0.734375,-1.125
274,0.8520508,-0.039611816,0.5006714,2.3125,-1.0,-0.375
275,0.86816406,-0.050598145,0.51727295,3.0625,-2.109375,-0.09375
276,0.873291,-0.07086182,0.5216675,0.734375,-1.125,0.578125
277,0.8376465,-0.0725708,0.48284912,-5.765625,3.15625,3.34375
278,0.84765625,-0.02520752,0.49920654,-5.078125,3.984375,3.921875
279,0.890625,0.007507324,0.5231323,-1.578125,2.96875,2.390625
280,0.88378906,0.0038452148,0.4940796,-0.78125,1.5,1.921875
281,0.8642578,-0.00079345703,0.48138428,-1.265625,0.4375,1.671875
282,0.8522949,-0.006164551,0.4767456,0.765625,-0.78125,0.28125
283,0.8540039,-0.024963379,0.49310303,0.65625,-0.734375,-0.140625
284,0.85913086,-0.023254395,0.49432373,-1.8125,0.921875,0.828125
285,0.86572266,-0.0056762695,0.4928589,-2.328125,1.28125,1.265625
286,0.8742676,-0.0010375977,0.49676514,-0.53125,1.03125,0.109375
287,0.8679199,0.0028686523,0.4833374,1.484375,0.34375,-0.390625
288,0.8725586,0.006286621,0.49188232,2.1875,1.078125,-1.0
289,0.87158203,0.0045776367,0.50286865,4.140625,-0.40625,-2.09375
290,0.8540039,-0.0256958,0.5048218,5.0,-0.59375,-3.515625
291,0.84594727,-0.034973145,0.47210693,3.265625,-1.484375,-3.203125
292,0.8586426,-0.03253174,0.46966553,0.375,-1.375,-2.515625
293,0.86328125,-0.024963379,0.46697998,-0.59375,-1.265625,-1.421875
294,0.88134766,-0.0134887695,0.513855,1.9375,-1.140625,-1.65625
295,0.88964844,-0.027893066,0.5248413,3.765625,-1.25,-1.59375
296,0.86694336,-0.042785645,0.50115967,1.1875,-1.28125,-1.3125
297,0.861084,-0.03765869,0.49041748,0.234375,0.640625,-0.6875
298,0.8618164,-0.02911377,0.5014038,1.8125,0.59375,-0.65625
299,0.8557129,-0.022766113,0.4989624,1.921875,0.796875,-0.21875
300,0.8625488,-0.026916504,0.50653076,2.25,-0.453125,-0.328125
301,0.8666992,-0.050109863,0.50335693,2.28125,-2.0,-0.390625
302,0.86621094,-0.05596924,0.5145874,1.75,-1.125,0.140625
303,0.83862305,-0.06427002,0.49847412,-2.6875,2.75,2.59375
304,0.8466797,-0.026916504,0.49432373,-4.421875,3.28125,3.71875
305,0.8811035,0.0014038086,0.5075073,-2.53125,2.59375,2.328125
306,0.90063477,0.006286621,0.50335693,0.90625,1.53125,1.40625
307,0.8664551,-0.012756348,0.47625732,-0.421875,0.1875,1.234375
308,0.86035156,-0.0095825195,0.47235107,-0.046875,0.328125,-0.421875
309,0.85131836,-0.019836426,0.4845581,-0.234375,0.0,0.515625
310,0.86694336,-0.02154541,0.5133667,-0.25,0.140625,0.609375
311,0.86083984,-0.028137207,0.49749756,-2.546875,0.5625,0.859375
312,0.8625488,-0.010070801,0.49139404,-1.796875,-0.015625,0.78125
313,0.8708496,0.005554199,0.49310303,0.515625,0.59375,0.296875
314,0.86938477,0.008728027,0.49163818,1.828125,1.078125,-0.234375
315,0.86157227,0.007019043,0.49066162,1.4375,0.890625,-0.34375
316,0.8642578,0.0079956055,0.4960327,3.46875,-0.34375,-1.765625
317,0.85791016,-0.004699707,0.4899292,5.359375,-0.390625,-3.328125
318,0.8479004,-0.031066895,0.47943115,4.6875,-2.453125,-3.765625
319,0.8522949,-0.0413208,0.4821167,3.03125,-3.25,-3.546875
320,0.8820801,-0.047424316,0.49456787,2.265625,-2.15625,-2.375
321,0.8869629,-0.046691895,0.5048218,0.390625,0.03125,-0.375
322,0.88671875,-0.028625488,0.5228882,0.3125,1.375,0.4375
323,0.86938477,-0.031799316,0.50286865,-0.15625,0.625,0.046875
324,0.86376953,-0.014465332,0.4882202,1.375,-0.046875,-0.796875
325,0.859375,-0.0154418945,0.49432373,1.765625,0.21875,-0.71875
326,0.8552246,-0.01739502,0.5150757,4.78125,-0.9375,-1.28125
327,0.86376953,-0.041809082,0.510437,4.046875,-3.21875,-1.171875
328,0.8691406,-0.066467285,0.5145874,0.984375,-1.828125,0.046875
329,0.85253906,-0.070617676,0.50213623,-3.296875,2.0,1.328125
330,0.83569336,-0.043762207,0.48846436,-3.984375,3.90625,3.359375
331,0.8754883,-0.0044555664,0.50897217,-2.53125,3.125,3.203125
332,0.89038086,-0.00079345703,0.5126343,-0.078125,2.359375,1.984375
333,0.87402344,0.0018920898,0.48406982,0.578125,0.734375,1.609375
334,0.8527832,-0.0049438477,0.47479248,0.296875,-0.359375,0.625
335,0.85058594,-0.024230957,0.4845581,0.25,-0.265625,0.171875
336,0.8552246,-0.029846191,0.4989624,-0.609375,1.265625,0.40625
337,0.85839844,-0.022277832,0.49627686,-2.9375,1.625,1.515625
338,0.87719727,-0.0017700195,0.49090576,-1.484375,0.671875,0.921875
339,0.86865234,0.012390137,0.48406982,-0.140625,1.109375,0.3125
340,0.8671875,0.023864746,0.47528076,-0.125,0.734375,0.609375
341,0.8720703,0.020446777,0.51116943,2.6875,0.265625,-0.921875
342,0.8654785,0.0038452148,0.49847412,5.140625,-0.90625,-2.3125
343,0.8605957,-0.013977051,0.48846436,4.40625,-1.9375,-3.40625
344,0.8461914,-0.026428223,0.46844482,2.390625,-1.53125,-3.609375
345,0.84814453,-0.024963379,0.46331787,1.3125,-3.015625,-3.203125
346,0.8664551,-0.025939941,0.494812,2.59375,-2.359375,-2.3125
347,0.8791504,-0.031555176,0.5145874,2.9375,-1.015625,-1.0
348,0.88793945,-0.040100098,0.5182495,0.765625,-0.109375,-0.5
349,0.86816406,-0.033996582,0.5050659,0.171875,0.453125,-0.4375
350,0.8601074,-0.024963379,0.5048218,1.671875,1.15625,-0.65625
351,0.8586426,-0.014465332,0.4977417,2.53125,0.734375,-0.421875
352,0.8625488,-0.020812988,0.5097046,2.875,-0.734375,-0.421875
353,0.8652344,-0.04156494,0.5158081,2.03125,-1.390625,0.125
354,0.8544922,-0.05596924,0.50213623,-0.5,-0.65625,1.03125
355,0.8479004,-0.039367676,0.48651123,-4.296875,3.609375,2.515625
356,0.8720703,-0.003967285,0.49676514,-5.265625,3.3125,3.34375
357,0.8874512,0.0016479492,0.52874756,0.921875,1.09375,1.0625
358,0.88671875,-0.0056762695,0.49261475,1.703125,-0.546875,0.453125
359,0.85498047,-0.00592041,0.47479248,-1.3125,0.453125,1.046875
360,0.85302734,-0.013977051,0.49310303,0.421875,0.40625,0.28125
361,0.8601074,-0.027160645,0.49847412,0.09375,0.828125,0.546875
362,0.86376953,-0.020812988,0.49163818,-3.296875,1.65625,1.875
363,0.86572266,-0.0025024414,0.49334717,-2.8125,0.9375,1.578125
364,0.86938477,0.010925293,0.48358154,0.140625,0.6875,0.5625
365,0.86938477,0.012145996,0.47869873,0.984375,0.671875,0.328125
366,0.86694336,0.011169434,0.49310303,2.140625,0.390625,-0.59375
367,0.8803711,0.00018310547,0.4977417,2.71875,-0.265625,-1.6875
368,0.86621094,-0.0020141602,0.4887085,2.46875,-0.640625,-2.5
369,0.8630371,0.0014038086,0.4928589,5.875,0.28125,-3.890625
370,0.8483887,-0.030822754,0.47528076,3.859375,-2.15625,-3.859375
371,0.8540039,-0.02911377,0.4694214,2.109375,-3.25,-3.390625
372,0.8762207,-0.030578613,0.5014038,2.0625,-1.828125,-1.875
373,0.8874512,-0.027404785,0.5253296,3.484375,-0.25,-1.078125
374,0.8791504,-0.04058838,0.51483154,1.125,-0.5625,-0.578125
375,0.87231445,-0.02520752,0.49871826,-0.296875,-0.046875,0.015625
376,0.8618164,-0.019348145,0.49017334,0.796875,0.640625,-0.6875
377,0.8588867,-0.0178833,0.49945068,2.390625,-0.28125,-0.6875
378,0.859375,-0.01739502,0.5023804,2.84375,-1.359375,-0.4375
379,0.8676758,-0.03326416,0.4928589,1.9375,-1.953125,0.0
380,0.8642578,-0.04522705,0.51190186,2.0625,-1.015625,0.296875
381,0.8557129,-0.05670166,0.52801514,0.71875,1.8125,0.734375
382,0.85375977,-0.051086426,0.50579834,-1.03125,1.25,1.984375
383,0.8754883,-0.02130127,0.50115967,-2.390625,2.046875,1.984375
384,0.8742676,-0.004211426,0.5001831,-2.046875,3.109375,2.765625
385,0.8762207,0.0018920898,0.5009155,-0.25,1.5,2.28125
386,0.85961914,-0.0056762695,0.480896,-1.203125,0.5625,1.84375
387,0.85546875,-0.003479004,0.47698975,-2.953125,-0.03125,1.9375
388,0.85424805,-0.0115356445,0.50531006,-0.28125,-0.5625,0.921875
389,0.86035156,-0.016418457,0.5018921,-0.234375,-0.078125,0.546875
390,0.84765625,-0.00982666,0.47991943,-2.625,0.1875,1.078125
391,0.8574219,0.0065307617,0.4857788,-0.09375,0.859375,-0.140625
392,0.8666992,0.018493652,0.5026245,2.046875,1.125,-1.359375
393,0.8666992,0.0138549805,0.4977417,1.578125,1.1875,-0.765625
394,0.8613281,0.011657715,0.4899292,2.859375,-0.21875,-1.15625
395,0.8483887,-0.0022583008,0.49334717,4.75,-0.359375,-2.953125
396,0.8532715,-0.02520752,0.4784546,4.171875,-2.0625,-3.515625
397,0.84765625,-0.035705566,0.4862671,2.78125,-1.984375,-3.546875
398,0.8720703,-0.039367676,0.49749756,2.8125,-0.8125,-2.6875
399,0.8791504,-0.038146973,0.5014038,1.0625,0.109375,-0.9375
400,0.8803711,-0.027648926,0.5114136,-0.25,1.21875,-0.046875
401,0.8725586,-0.026672363,0.49798584,0.640625,0.921875,-0.625
402,0.87524414,-0.017150879,0.48675537,1.3125,0.203125,-0.796875
403,0.85375977,-0.013244629,0.48065186,0.65625,-0.359375,-0.484375
404,0.8618164,-0.0134887695,0.5067749,3.265625,-0.046875,-1.34375
405,0.87524414,-0.035461426,0.5194702,5.078125,-2.21875,-1.703125
406,0.86157227,-0.06109619,0.49627686,1.71875,-2.59375,-0.609375
407,0.8708496,-0.057678223,0.5001831,-1.640625,0.09375,0.828125
408,0.85595703,-0.054016113,0.50775146,-1.953125,1.609375,1.671875
409,0.8652344,-0.03277588,0.49798584,-1.4375,2.265625,2.1875
410,0.88500977,0.0038452148,0.5067749,-0.796875,2.53125,1.578125
411,0.8815918,-0.0032348633,0.50213623,0.53125,1.828125,1.453125
412,0.8540039,-0.004699707,0.4869995,-0.15625,0.453125,1.546875
413,0.8515625,-0.0076293945,0.48382568,0.640625,-0.640625,1.3125
414,0.8532715,-0.018127441,0.4935913,0.875,-0.390625,0.671875
415,0.8586426,-0.023010254,0.5001831,-1.015625,-0.421875,0.875
416,0.86572266,-0.01739502,0.50531006,-0.84375,0.09375,0.875
417,0.861084,-0.012756348,0.4869995,-2.0,1.265625,1.21875
418,0.87890625,0.003112793,0.48114014,-0.984375,0.78125,0.609375
419,0.8757324,0.0067749023,0.5026245,1.296875,-0.15625,0.25
420,0.86499023,0.0079956055,0.5101929,3.09375,0.765625,-1.015625
421,0.8498535,-0.012268066,0.48919678,2.515625,-0.734375,-1.40625
422,0.8503418,-0.011291504,0.496521,3.140625,-1.109375,-2.546875
423,0.8432617,-0.019104004,0.47943115,3.3125,-2.359375,-3.53125
424,0.8520508,-0.02960205,0.4869995,2.890625,-2.71875,-3.546875
425,0.8666992,-0.04034424,0.5014038,3.109375,-0.78125,-2.34375
426,0.8742676,-0.0335083,0.5101929,1.453125,-0.171875,-0.96875
427,0.8762207,-0.030090332,0.51483154,0.625,0.015625,-0.53125
428,0.8696289,-0.027160645,0.50946045,0.875,1.046875,-0.6875
429,0.8623047,-0.022766113,0.50042725,1.734375,1.09375,-0.5625
430,0.8574219,-0.02130127,0.49993896,2.6875,0.46875,-0.71875
431,0.85058594,-0.022033691,0.49188232,1.546875,0.5,-0.65625
432,0.8679199,-0.026916504,0.4989624,2.140625,-0.484375,-0.8125
433,0.8786621,-0.04888916,0.51434326,2.859375,-1.515625,-0.703125
434,0.8769531,-0.04522705,0.5060425,-0.28125,-1.5625,0.6875
435,0.86206055,-0.05230713,0.5109253,-1.65625,1.328125,1.765625
436,0.85668945,-0.04449463,0.50531006,-2.0,3.46875,2.59375
437,0.8647461,-0.014221191,0.50286865,-4.109375,2.8125,2.84375
438,0.88427734,0.0036010742,0.50579834,-0.921875,2.28125,1.671875
439,0.8696289,-0.0032348633,0.4882202,-0.046875,1.078125,1.15625
440,0.8479004,-0.0017700195,0.47454834,-0.078125,-0.453125,0.984375
441,0.85375977,-0.009094238,0.48675537,0.265625,-0.8125,0.65625
442,0.8618164,-0.020080566,0.5014038,0.328125,-0.015625,0.46875
443,0.86743164,-0.018859863,0.4960327,-1.984375,0.625,0.953125
444,0.8640137,-0.01739502,0.49847412,-1.921875,0.0625,1.0
445,0.86987305,0.0028686523,0.49163818,0.953125,0.921875,0.203125
446,0.8664551,0.010192871,0.48773193,1.5625,1.25,-0.1875
447,0.8713379,0.018493652,0.51361084,3.59375,0.546875,-1.453125
448,0.85498047,-0.0068969727,0.49017334,3.21875,-0.96875,-2.53125
449,0.84887695,-0.011779785,0.4616089,2.546875,-1.375,-3.453125
450,0.8442383,-0.0178833,0.47528076,1.96875,-2.25,-3.0625
451,0.8659668,-0.03326416,0.5126343,5.671875,-2.4375,-3.859375
452,0.8757324,-0.042053223,0.50457764,3.453125,-2.296875,-2.3125
453,0.8745117,-0.038635254,0.50457764,-0.109375,-0.96875,-0.65625
454,0.8808594,-0.03302002,0.51068115,-0.359375,1.203125,-0.703125
455,0.8676758,-0.022521973,0.49920654,0.796875,0.96875,-0.1875
456,0.8642578,-0.013000488,0.49554443,1.75,0.3125,0.265625
457,0.8547363,-0.018859863,0.49920654,2.125,-0.125,-0.578125
458,0.8520508,-0.018127441,0.5060425,3.625,-0.921875,-0.984375
459,0.85791016,-0.035949707,0.51776123,3.5625,-2.328125,-0.671875
460,0.8701172,-0.059143066,0.5116577,1.34375,-2.03125,0.484375
461,0.8588867,-0.06060791,0.50213623,-2.5625,0.984375,1.90625
462,0.8457031,-0.04156494,0.49334717,-4.28125,3.296875,3.5625
463,0.87597656,-0.008117676,0.5150757,-1.84375,3.09375,2.203125
464,0.8876953,0.0021362305,0.50213623,0.046875,2.6875,0.921875
465,0.86157227,0.011413574,0.48284912,-2.09375,0.984375,2.234375
466,0.8510742,0.0021362305,0.496521,1.140625,-0.90625,0.875
467,0.84936523,-0.024475098,0.48846436,1.6875,-0.734375,-0.25
468,0.84399414,-0.031555176,0.4940796,-1.65625,0.375,0.078125
469,0.85791016,-0.016662598,0.5006714,-2.265625,1.0625,0.25
470,0.8598633,-0.01763916,0.49334717,-1.75,1.171875,0.125
471,0.87353516,-0.0015258789,0.48016357,-0.875,1.515625,0.765625
472,0.87890625,0.020935059,0.49578857,0.765625,1.03125,0.5
473,0.8659668,0.011413574,0.49871826,2.28125,0.6875,-0.921875
474,0.8659668,-0.0022583008,0.5001831,3.28125,-0.40625,-2.015625
475,0.8535156,-0.0154418945,0.49554443,4.734375,-0.390625,-3.484375
476,0.8425293,-0.022277832,0.4821167,3.640625,-1.0,-3.40625
477,0.8444824,-0.03692627,0.47210693,1.328125,-2.390625,-2.65625
478,0.87719727,-0.019836426,0.5009155,2.34375,-0.9375,-1.6875
479,0.8811035,-0.035949707,0.5014038,1.03125,-0.1875,-0.6875
480,0.88549805,-0.027648926,0.49676514,-0.25,-0.046875,-0.515625
481,0.87646484,-0.015686035,0.50408936,-0.328125,-0.015625,-0.3125
482,0.8757324,-0.01763916,0.50994873,3.796875,-0.25,-1.203125
483,0.8588867,-0.030090332,0.5079956,3.890625,-1.125,-1.390625
484,0.8535156,-0.031311035,0.5018921,1.640625,-1.078125,-0.578125
485,0.8540039,-0.03277588,0.49993896,1.25,-0.296875,-0.625
486,0.86499023,-0.043762207,0.5036011,1.84375,-1.296875,-0.078125
487,0.8688965,-0.04034424,0.5031128,0.640625,-1.109375,0.734375
488,0.8701172,-0.04058838,0.5170288,0.296875,0.546875,1.015625
489,0.8581543,-0.039123535,0.52093506,1.15625,2.0625,1.859375
490,0.8652344,-0.023742676,0.49847412,-1.890625,1.5,2.09375
491,0.87402344,-0.004699707,0.4989624,-1.8125,2.375,1.75
492,0.8696289,-0.008117676,0.49798584,-0.453125,1.4375,1.46875
493,0.85717773,-0.004211426,0.49554443,-0.421875,-0.3125,1.015625
494,0.8503418,-0.013000488,0.5001831,0.8125,-0.796875,0.203125
495,0.85180664,-0.024475098,0.49212646,-0.859375,-0.09375,0.421875
496,0.8564453,-0.0064086914,0.48431396,-2.90625,0.390625,0.890625
497,0.86816406,-0.0032348633,0.5153198,-0.375,0.03125,0.671875
498,0.876709,-0.0049438477,0.512146,1.671875,0.203125,-0.1875
499,0.8564453,-0.0064086914,0.4953003,0.5,0.671875,-0.15625
500,0.85595703,0.00091552734,0.49627686,1.34375,1.265625,-0.84375
501,0.8586426,0.00091552734,0.5055542,3.71875,-0.4375,-2.28125
502,0.83691406,-0.012512207,0.49066162,3.953125,-0.96875,-2.90625
503,0.84350586,-0.028137207,0.48114014,2.484375,-2.484375,-2.5
504,0.8557129,-0.031555176,0.48724365,2.421875,-1.625,-2.9375
505,0.8688965,-0.04034424,0.50775146,3.046875,-0.4375,-2.265625
506,0.8808594,-0.035461426,0.5140991,1.171875,-0.5,-0.765625
507,0.8781738,-0.035217285,0.5170288,0.3125,0.796875,-0.671875
508,0.8684082,-0.027404785,0.49725342,0.3125,1.546875,-0.234375
509,0.8701172,-0.015686035,0.5109253,1.796875,0.640625,-0.203125
510,0.84716797,-0.02130127,0.49310303,1.734375,0.03125,-0.4375
511,0.861084,-0.027404785,0.4935913,1.859375,-0.421875,-1.0
512,0.859375,-0.0335083,0.49456787,0.890625,-0.9375,-0.15625
513,0.8703613,-0.04107666,0.52264404,2.828125,-1.09375,-0.546875
514,0.8586426,-0.06109619,0.5158081,1.8125,-1.203125,0.015625
515,0.85058594,-0.05621338,0.49554443,-2.328125,1.515625,1.734375
516,0.8618164,-0.026184082,0.4977417,-2.8125,2.421875,2.328125
517,0.88549805,-0.0076293945,0.5084839,-0.34375,2.15625,1.421875
518,0.86865234,-0.0010375977,0.4989624,0.15625,0.859375,1.515625
519,0.85498047,0.0014038086,0.49920654,0.265625,0.0625,0.953125
520,0.8527832,-0.013977051,0.49212646,0.953125,-0.703125,0.109375
521,0.8496094,-0.0256958,0.49749756,-0.125,-0.265625,0.484375
522,0.8598633,-0.023986816,0.508728,-1.21875,-0.03125,0.96875
523,0.8630371,-0.021057129,0.5050659,-1.453125,0.84375,0.796875
524,0.8623047,-0.0068969727,0.49554443,-1.0625,0.671875,0.609375
525,0.8781738,0.0045776367,0.50897217,1.65625,0.859375,-0.28125
526,0.86450195,0.0004272461,0.49822998,1.078125,1.6875,-0.28125
527,0.8562012,-0.0020141602,0.48187256,0.015625,1.234375,-0.40625
528,0.8598633,-0.0012817383,0.49798584,3.140625,-0.90625,-1.734375
529,0.8557129,-0.011047363,0.5128784,5.734375,-0.5,-3.53125
530,0.84350586,-0.04058838,0.48114014,3.015625,-2.765625,-3.09375
531,0.85668945,-0.042785645,0.4804077,0.359375,-2.25,-2.421875
532,0.87597656,-0.031555176,0.49676514,0.546875,-0.90625,-1.78125
533,0.8835449,-0.02911377,0.510437,0.734375,0.265625,-0.609375
534,0.876709,-0.019104004,0.512146,0.1875,0.296875,-0.078125
535,0.8664551,-0.019836426,0.5036011,0.515625,0.328125,-0.640625
536,0.8586426,-0.018615723,0.5079956,2.296875,0.625,-0.953125
537,0.84594727,-0.020568848,0.49920654,2.671875,0.0,-0.578125
538,0.85009766,-0.02545166,0.5031128,2.34375,-0.03125,-0.53125
539,0.8586426,-0.037902832,0.50823975,2.5625,-0.890625,-0.421875
540,0.86865234,-0.043762207,0.51116943,1.125,-1.28125,0.453125
541,0.8679199,-0.05206299,0.5075073,-0.234375,0.0625,0.875
542,0.857666,-0.051818848,0.5023804,-1.75,2.84375,2.03125
543,0.8635254,-0.014221191,0.4940796,-3.3125,2.328125,3.09375
544,0.8798828,0.00018310547,0.5187378,-0.109375,2.265625,1.375
545,0.8791504,-0.008605957,0.49334717,1.0,0.21875,0.625
546,0.84887695,-0.012756348,0.48162842,-1.40625,0.015625,1.03125
547,0.85009766,-0.014465332,0.49383545,0.015625,0.078125,0.40625
548,0.8532715,-0.017150879,0.49700928,0.515625,-0.375,0.15625
549,0.85253906,-0.018127441,0.49578857,-1.765625,-0.140625,1.1875
550,0.8647461,-0.00982666,0.49505615,-2.140625,0.578125,1.5
551,0.87109375,0.002380371,0.50579834,0.03125,0.625,1.015625
552,0.87402344,-0.0025024414,0.49554443,-0.015625,0.890625,0.90625
553,0.86083984,-0.0025024414,0.4977417,0.546875,1.390625,-0.015625
554,0.86035156,0.005065918,0.494812,1.828125,1.40625,-0.71875
555,0.8515625,0.006286621,0.48895264,2.28125,0.8125,-1.71875
556,0.86035156,0.011169434,0.4989624,5.0,-0.203125,-2.953125
557,0.85498047,-0.023254395,0.47698975,4.078125,-1.75,-3.796875
558,0.861084,-0.031799316,0.46429443,2.078125,-3.484375,-3.765625
559,0.8684082,-0.034240723,0.4911499,1.0625,-1.28125,-2.125
560,0.8881836,-0.03375244,0.5314331,3.671875,-0.609375,-1.28125
561,0.890625,-0.047912598,0.51605225,1.890625,-0.3125,-0.921875
562,0.86743164,-0.031311035,0.5038452,-0.75,0.25,-0.59375
563,0.8630371,-0.02178955,0.4935913,0.1875,0.703125,-0.734375
564,0.8503418,-0.0134887695,0.5006714,2.296875,0.515625,-0.84375
565,0.8498535,-0.0071411133,0.49163818,2.03125,-0.375,-0.03125
566,0.8491211,-0.02520752,0.49920654,1.6875,-1.296875,-0.453125
567,0.8618164,-0.030090332,0.5128784,2.703125,-1.6875,-0.890625
568,0.86621094,-0.061828613,0.5204468,2.453125,-1.953125,0.09375
569,0.8742676,-0.0569458,0.5216675,0.46875,-0.71875,1.21875
570,0.8586426,-0.05303955,0.5072632,-1.5,2.5625,2.328125
571,0.86279297,-0.027160645,0.5084839,-2.484375,2.890625,2.390625
572,0.87719727,-0.0029907227,0.5101929,-0.421875,2.640625,1.4375
573,0.86035156,-0.0025024414,0.49432373,-1.0,1.921875,1.671875
574,0.84643555,0.0038452148,0.4718628,-2.15625,0.203125,1.375
575,0.8496094,-0.002746582,0.49822998,1.21875,-1.40625,0.3125
576,0.85595703,-0.027160645,0.5072632,2.140625,-1.734375,-0.53125
577,0.84936523,-0.035461426,0.49578857,-2.109375,-0.40625,0.390625
578,0.8618164,-0.016662598,0.5050659,-2.203125,1.21875,0.84375
579,0.87353516,-0.012023926,0.5018921,-0.0625,1.34375,0.421875
580,0.8652344,0.005065918,0.49188232,0.796875,1.234375,0.15625
581,0.8540039,0.014587402,0.49676514,1.390625,1.09375,-0.578125
582,0.8547363,0.006286621,0.50531006,3.53125,-0.265625,-1.5625
583,0.8432617,-0.012268066,0.5018921,4.671875,-0.828125,-2.796875
584,0.8413086,-0.034973145,0.48602295,3.0625,-1.515625,-2.75
585,0.85668945,-0.037902832,0.4882202,1.890625,-1.328125,-2.75
586,0.86987305,-0.043762207,0.5014038,1.953125,-0.71875,-2.125
587,0.8808594,-0.030578613,0.50408936,0.53125,0.234375,-0.890625
588,0.87841797,-0.023010254,0.4989624,0.53125,0.640625,-0.203125
589,0.8796387,-0.026672363,0.5075073,0.765625,0.5625,-0.65625
590,0.8544922,-0.019592285,0.4869995,0.078125,0.859375,-0.140625
591,0.857666,-0.011779785,0.510437,2.171875,-0.296875,-0.5625
592,0.859375,-0.02911377,0.5162964,4.484375,-1.484375,-1.5
593,0.8552246,-0.05255127,0.5038452,2.484375,-2.21875,-1.015625
594,0.86157227,-0.05670166,0.50042725,0.28125,-1.25,0.296875
595,0.8688965,-0.051086426,0.5114136,-1.421875,0.921875,1.203125
596,0.85839844,-0.043029785,0.5075073,-1.796875,2.71875,2.421875
597,0.87646484,-0.015197754,0.50701904,-2.609375,1.921875,2.578125
598,0.8769531,0.005065918,0.5031128,-1.125,2.359375,1.90625
599,0.86987305,-0.003967285,0.49383545,-0.390625,1.4375,1.71875
600,0.8601074,-0.00030517578,0.49041748,0.40625,-0.0625,1.203125
601,0.85253906,-0.013000488,0.49188232,0.40625,-0.671875,0.796875
602,0.85498047,-0.022033691,0.4887085,-0.984375,-0.34375,0.6875
603,0.86206055,-0.010070801,0.5043335,-0.96875,1.15625,0.78125
604,0.8564453,-0.008361816,0.48919678,-2.1875,0.90625,0.890625
605,0.8798828,0.0079956055,0.48431396,-1.3125,1.171875,0.4375
606,0.8701172,0.0099487305,0.49725342,1.03125,0.078125,0.421875
607,0.8666992,0.013366699,0.5150757,3.40625,0.640625,-1.21875
608,0.8605957,-0.00592041,0.49969482,3.546875,-0.875,-1.78125
609,0.84887695,-0.012023926,0.48944092,3.625,-0.765625,-2.828125
610,0.8532715,-0.020568848,0.48187256,3.75,-1.359375,-3.78125
611,0.8527832,-0.028869629,0.4767456,2.5625,-2.6875,-3.65625
612,0.8713379,-0.02960205,0.49188232,1.84375,-1.234375,-2.09375
613,0.8781738,-0.0178833,0.5001831,0.8125,0.0625,-0.359375
614,0.8786621,-0.026672363,0.5187378,0.890625,0.171875,-0.328125
615,0.87524414,-0.023498535,0.5109253,1.28125,0.515625,-0.71875
616,0.86206055,-0.017150879,0.49945068,1.78125,0.203125,-0.328125
617,0.8562012,-0.02130127,0.5038452,2.171875,-0.03125,-0.625
618,0.85424805,-0.022277832,0.50213623,1.828125,-0.21875,-0.609375
619,0.8635254,-0.028137207,0.5092163,3.15625,-1.0625,-0.609375
620,0.8828125,-0.050109863,0.5101929,2.09375,-1.859375,-0.015625
621,0.8598633,-0.05279541,0.48724365,-3.515625,-0.03125,1.609375
622,0.8479004,-0.024230957,0.5109253,-3.359375,3.59375,2.5625
623,0.87475586,-0.0071411133,0.52459717,-0.25,1.734375,1.546875
624,0.88012695,-0.0115356445,0.50775146,-0.703125,0.828125,0.828125
625,0.87597656,-0.0056762695,0.4923706,-0.71875,0.6875,1.1875
626,0.8552246,-0.009094238,0.49456787,0.359375,-0.078125,0.296875
627,0.8564453,-0.01763916,0.48968506,0.4375,-0.234375,0.6875
628,0.84716797,-0.012512207,0.49993896,-1.203125,0.1875,1.234375
629,0.86206055,0.00018310547,0.5075073,-1.46875,1.234375,1.0625
630,0.8652344,-0.004699707,0.5014038,-0.671875,0.515625,0.59375
631,0.8574219,0.00018310547,0.48602295,0.59375,0.5,0.34375
632,0.8647461,0.007507324,0.494812,2.34375,0.9375,-0.59375
633,0.86621094,-0.0037231445,0.49798584,2.390625,0.4375,-1.265625
634,0.8647461,-0.0056762695,0.5075073,3.46875,-0.765625,-2.234375
635,0.8562012,-0.024963379,0.48968506,3.34375,0.09375,-2.953125
636,0.8557129,-0.027648926,0.4694214,2.078125,-0.59375,-2.78125
637,0.85058594,-0.022521973,0.48162842,0.703125,-1.21875,-2.03125
638,0.8811035,-0.016418457,0.5097046,3.703125,-1.25,-1.90625
639,0.88134766,-0.038146973,0.50579834,3.046875,-1.234375,-1.09375
640,0.8708496,-0.031066895,0.49920654,-0.59375,-0.578125,-0.0625
641,0.86572266,-0.02130127,0.5006714,-0.375,0.78125,-0.46875
642,0.8635254,-0.019836426,0.5026245,1.71875,0.59375,-1.0
643,0.86328125,-0.017150879,0.5023804,1.671875,0.015625,-0.453125
644,0.85913086,-0.018127441,0.49700928,1.734375,-0.78125,-0.546875
645,0.86499023,-0.028625488,0.50531006,3.390625,-1.171875,-1.109375
646,0.8635254,-0.050354004,0.51116943,3.25,-1.65625,-0.25
647,0.86987305,-0.055725098,0.52093506,0.84375,-0.453125,0.703125
648,0.8540039,-0.055725098,0.512146,-1.265625,3.125,2.140625
649,0.84643555,-0.031066895,0.48968506,-2.390625,2.046875,2.625
650,0.8833008,0.0053100586,0.5175171,-0.6875,2.390625,1.609375
651,0.8762207,-0.0022583008,0.49725342,-0.9375,1.765625,1.296875
652,0.8635254,-0.0022583008,0.4796753,-1.1875,0.265625,0.625
653,0.8532715,-0.003479004,0.49578857,0.0625,-0.9375,0.46875
654,0.85546875,-0.015686035,0.51116943,1.734375,-0.640625,0.03125
655,0.85839844,-0.027160645,0.50164795,-1.578125,-0.578125,0.671875
656,0.8618164,-0.019104004,0.49627686,-2.453125,0.78125,0.890625
657,0.86376953,-0.0095825195,0.49798584,-0.390625,1.015625,0.265625
658,0.86206055,0.0028686523,0.49261475,1.140625,0.96875,-0.171875
659,0.86035156,0.0033569336,0.49749756,1.34375,0.75,-0.40625
660,0.8586426,0.0028686523,0.5031128,2.921875,-0.59375,-1.328125
661,0.8483887,-0.015930176,0.50042725,4.015625,-0.84375,-2.359375
662,0.8510742,-0.028625488,0.49578857,3.015625,-1.0625,-2.578125
663,0.85791016,-0.04083252,0.48724365,1.828125,-1.3125,-2.8125
664,0.8647461,-0.031799316,0.49676514,1.828125,-0.34375,-2.0625
665,0.8757324,-0.031555176,0.5097046,0.734375,0.484375,-0.484375
666,0.8798828,-0.019348145,0.51312256,1.28125,0.90625,-0.078125
667,0.8625488,-0.026184082,0.5014038,0.078125,0.734375,-0.15625
668,0.8581543,-0.0115356445,0.47943115,0.078125,0.09375,-0.5625
669,0.8630371,-0.0017700195,0.5075073,1.359375,-0.0625,-0.96875
670,0.86572266,-0.019104004,0.51434326,4.328125,-0.828125,-1.734375
671,0.8569336,-0.0413208,0.5006714,2.90625,-1.734375,-1.328125
672,0.8605957,-0.03692627,0.50115967,0.578125,-1.234375,-0.59375
673,0.8659668,-0.045715332,0.5092163,0.78125,-0.5,0.171875
674,0.8666992,-0.049865723,0.51239014,0.765625,0.265625,1.09375
675,0.8642578,-0.03717041,0.5109253,-0.734375,2.109375,2.21875
676,0.86157227,-0.02520752,0.5060425,-1.203125,2.015625,2.25
677,0.8730469,-0.0051879883,0.5043335,-0.9375,2.515625,1.390625
678,0.857666,-0.004211426,0.49627686,-0.59375,1.09375,1.546875
679,0.85302734,-0.0068969727,0.4911499,-0.28125,0.28125,1.046875
680,0.85131836,-0.013977051,0.4857788,0.46875,-0.484375,0.453125
681,0.857666,-0.015930176,0.4953003,-0.828125,-0.609375,0.796875
682,0.8730469,-0.0154418945,0.50653076,-0.28125,-0.078125,0.328125
683,0.85961914,-0.018859863,0.49554443,-1.265625,1.1875,0.609375
684,0.8642578,-0.0005493164,0.48724365,-2.109375,0.9375,1.34375
685,0.8720703,0.0060424805,0.50775146,1.28125,0.53125,0.234375
686,0.85839844,-0.0005493164,0.5038452,2.890625,0.84375,-0.6875
687,0.8544922,-0.0032348633,0.48553467,1.359375,0.171875,-1.109375
688,0.85375977,0.00018310547,0.4911499,2.875,-0.4375,-2.421875
689,0.8557129,-0.0134887695,0.49676514,4.671875,-0.765625,-3.59375
690,0.8532715,-0.028625488,0.47772217,2.28125,-2.8125,-2.921875
691,0.8701172,-0.026672363,0.4869995,0.78125,-1.578125,-1.640625
692,0.87060547,-0.028381348,0.51312256,1.59375,0.109375,-0.984375
693,0.8725586,-0.028137207,0.51312256,1.078125,0.40625,-0.34375
694,0.87768555,-0.023498535,0.5062866,0.75,0.046875,-0.71875
695,0.8659668,-0.026184082,0.49993896,1.46875,0.828125,-0.796875
696,0.8544922,-0.015197754,0.49456787,1.984375,0.140625,-0.75
697,0.8532715,-0.01373291,0.5050659,2.296875,-0.21875,-0.5625
698,0.8601074,-0.032043457,0.5006714,2.3125,-0.640625,-0.5625
699,0.87231445,-0.043518066,0.496521,1.734375,-1.34375,-0.703125
700,0.87109375,-0.04107666,0.5072632,-0.390625,0.171875,0.78125
701,0.8647461,-0.04840088,0.52752686,0.640625,1.703125,1.109375
702,0.86572266,-0.0491333,0.50653076,0.21875,1.40625,1.609375
703,0.8679199,-0.018371582,0.4935913,-3.359375,2.046875,2.453125
704,0.86987305,0.002380371,0.494812,-1.640625,1.984375,2.015625
705,0.86328125,0.00579834,0.494812,0.09375,1.234375,0.921875
706,0.8527832,0.0006713867,0.48773193,0.296875,-0.265625,0.546875
707,0.8564453,-0.0020141602,0.48968506,0.21875,-0.984375,0.390625
708,0.85913086,-0.014709473,0.49700928,0.34375,-0.53125,0.34375
709,0.85791016,-0.013977051,0.4923706,-1.375,0.421875,1.015625
710,0.8730469,-0.012512207,0.496521,-0.6875,0.5625,0.953125
711,0.8737793,-0.014221191,0.496521,0.46875,0.546875,0.171875
712,0.8640137,0.0026245117,0.48944092,0.203125,1.046875,0.109375
713,0.86621094,0.00579834,0.5055542,2.453125,0.765625,-0.96875
714,0.859375,0.0021362305,0.496521,3.078125,-0.28125,-1.9375
715,0.8479004,-0.0095825195,0.46990967,2.28125,-0.640625,-2.8125
716,0.85595703,-0.024230957,0.4796753,2.40625,-2.5625,-3.125
717,0.8725586,-0.027160645,0.5067749,4.46875,-2.3125,-3.9375
718,0.8679199,-0.042297363,0.50286865,2.703125,-1.6875,-2.125
719,0.8676758,-0.032043457,0.50531006,-0.578125,-0.171875,-0.125
720,0.87939453,-0.018127441,0.5048218,-0.421875,0.875,-0.234375
721,0.8691406,-0.015686035,0.49798584,0.84375,0.671875,-0.59375
722,0.8601074,-0.016662598,0.49432373,1.359375,0.40625,-0.34375
723,0.8527832,-0.011291504,0.49627686,1.921875,-0.46875,-0.375
724,0.8540039,-0.014221191,0.5018921,3.15625,-0.625,-0.90625
725,0.85791016,-0.034484863,0.5128784,3.25,-1.203125,-0.921875
726,0.86035156,-0.04449463,0.51727295,2.203125,-1.59375,-0.1875
727,0.86279297,-0.054016113,0.51556396,0.375,0.296875,0.828125
728,0.8527832,-0.05279541,0.50653076,-2.15625,2.171875,2.59375
729,0.8718262,-0.027648926,0.5023804,-1.96875,1.96875,2.125
730,0.88378906,0.005554199,0.5006714,-1.4375,3.140625,1.390625
731,0.8630371,0.011169434,0.48602295,-1.984375,1.546875,1.96875
732,0.8540039,0.002380371,0.5036011,0.375,-0.25,0.875
733,0.8515625,-0.010314941,0.4960327,1.890625,-1.09375,-0.375
734,0.8491211,-0.022766113,0.48919678,-0.71875,-0.578125,0.0
735,0.85595703,-0.017150879,0.5014038,-1.484375,0.46875,0.234375
736,0.8708496,-0.008605957,0.5001831,-0.71875,0.875,0.171875
737,0.8737793,-0.004699707,0.4887085,-0.796875,0.984375,0.71875
738,0.8737793,0.008239746,0.50286865,-0.046875,0.875,0.734375
739,0.86499023,0.00091552734,0.5006714,1.4375,0.875,-0.03125
740,0.85498047,-0.002746582,0.49212646,1.453125,0.953125,-0.625
741,0.85717773,-0.0115356445,0.49627686,2.671875,-0.03125,-1.625
742,0.8557129,-0.016418457,0.48773193,3.78125,0.0625,-2.890625
743,0.85253906,-0.024719238,0.47821045,2.859375,-0.96875,-3.015625
744,0.86572266,-0.023254395,0.48382568,1.484375,-1.625,-2.453125
745,0.87768555,-0.027160645,0.47772217,1.40625,-1.0625,-1.625
746,0.8913574,-0.0256958,0.49798584,0.234375,0.21875,-0.546875
747,0.87402344,-0.026184082,0.49456787,-0.78125,-0.1875,0.296875
748,0.87841797,-0.016662598,0.51556396,2.359375,0.0625,-1.21875
749,0.86499023,-0.027648926,0.5036011,4.265625,-1.421875,-1.640625
750,0.8547363,-0.027648926,0.49261475,1.375,-1.0,-0.921875
751,0.85253906,-0.02520752,0.49456787,1.140625,0.03125,-0.375
752,0.86499023,-0.03717041,0.5038452,2.78125,-0.875,-0.421875
753,0.8754883,-0.04107666,0.5043335,1.828125,-1.109375,0.5
754,0.8659668,-0.03692627,0.510437,-0.328125,0.203125,1.546875
755,0.84594727,-0.039855957,0.50579834,-1.6875,2.734375,2.75
756,0.8601074,-0.015686035,0.4953003,-2.375,2.09375,2.953125
757,0.87353516,0.0028686523,0.51605225,-0.875,2.0625,2.0
758,0.87402344,-0.0032348633,0.4977417,-0.125,1.15625,1.09375
759,0.8552246,-6.1035156e-05,0.48284912,-1.09375,-0.03125,1.328125
