sample_no,accel_x,accel_y,accel_z,gyro_x,gyro_y,gyro_z
0,-0.095214844,0.3312378,-0.87823486,-25.3125,4.6875,0.515625
1,-0.08496094,0.3139038,-0.8718872,-24.28125,2.390625,1.359375
2,-0.09423828,0.28167725,-0.90045166,-22.5625,2.984375,1.015625
3,-0.1015625,0.2518921,-0.92559814,-12.984375,5.5625,2.03125
4,-0.10864258,0.25238037,-0.8772583,-9.625,5.296875,2.125
5,-0.12597656,0.22332764,-0.8999634,-11.921875,5.3125,2.375
6,-0.12646484,0.20501709,-0.9260864,-11.453125,5.484375,2.234375
7,-0.12866211,0.19744873,-0.9158325,-4.296875,4.140625,1.328125
8,-0.13964844,0.19647217,-0.91973877,-4.125,3.046875,1.28125
9,-0.14575195,0.18695068,-0.92755127,-0.921875,0.5625,0.8125
10,-0.14794922,0.1876831,-0.91192627,0.40625,-0.421875,0.921875
11,-0.14135742,0.1876831,-0.90875244,0.5,-0.234375,1.21875
12,-0.14770508,0.19598389,-0.9138794,-0.078125,0.609375,1.046875
13,-0.14819336,0.18841553,-0.9133911,0.234375,-0.03125,1.015625
14,-0.1418457,0.19329834,-0.9116821,0.90625,-0.78125,0.96875
15,-0.14257812,0.18988037,-0.91485596,1.203125,-1.203125,1.09375
16,-0.14550781,0.18792725,-0.9138794,3.6875,-4.34375,0.703125
17,-0.13305664,0.20843506,-1.034729,16.25,-7.609375,-0.4375
18,-0.10864258,0.25579834,-0.87994385,33.921875,-9.359375,-0.59375
19,-0.12792969,0.2819214,-0.8513794,23.375,-0.234375,2.3125
20,-0.1496582,0.28289795,-0.8670044,1.28125,-1.40625,0.515625
21,-0.10864258,0.28997803,-0.9102173,-3.6875,-0.375,0.03125
22,-0.123535156,0.2994995,-0.895813,6.046875,-5.078125,0.640625
23,-0.103027344,0.2970581,-0.87628174,14.90625,-4.25,-0.078125
24,-0.103759766,0.3151245,-0.86846924,6.34375,-1.875,0.828125
25,-0.10546875,0.31756592,-0.8665161,-2.6875,0.015625,0.453125
26,-0.1105957,0.30877686,-0.8928833,-7.28125,-2.453125,-0.09375
27,-0.0871582,0.30169678,-0.90045166,-0.6875,-3.8125,0.015625
28,-0.1003418,0.30047607,-0.89508057,3.203125,-2.328125,-0.25
29,-0.08862305,0.31488037,-0.8779907,2.359375,0.21875,0.765625
30,-0.10180664,0.31292725,-0.8933716,-2.359375,1.328125,0.734375
31,-0.096191406,0.3126831,-0.8999634,4.953125,-2.9375,0.609375
32,-0.0859375,0.3307495,-0.8911743,10.421875,-3.125,1.203125
33,-0.08569336,0.3361206,-0.85723877,4.21875,-0.640625,1.03125
34,-0.08569336,0.33050537,-0.8689575,-5.375,1.984375,1.03125
35,-0.09033203,0.32611084,-0.8760376,-14.546875,6.15625,1.53125
36,-0.104003906,0.30023193,-0.90216064,-12.1875,3.140625,0.78125
37,-0.10107422,0.28778076,-0.9133911,-6.0625,1.46875,1.453125
38,-0.1081543,0.28070068,-0.8933716,0.65625,-0.21875,1.890625
39,-0.10522461,0.27923584,-0.89556885,0.25,-0.34375,1.9375
40,-0.10986328,0.2909546,-0.8887329,-0.125,0.0625,2.09375
41,-0.10986328,0.28094482,-0.8953247,-2.90625,1.0,2.03125
42,-0.10546875,0.27337646,-0.8921509,-2.328125,0.90625,1.6875
43,-0.106933594,0.2670288,-0.90045166,-3.265625,1.515625,1.453125
44,-0.11376953,0.26898193,-0.88165283,-7.40625,2.46875,1.5625
45,-0.12036133,0.24993896,-0.91412354,-9.046875,2.203125,1.875
46,-0.11987305,0.24505615,-0.8999634,-5.28125,1.5,1.421875
47,-0.12036133,0.24041748,-0.9155884,-4.546875,1.578125,0.875
48,-0.12011719,0.23187256,-0.90338135,0.796875,0.125,0.625
49,-0.13256836,0.23651123,-0.9031372,1.671875,-0.28125,0.15625
50,-0.12524414,0.23675537,-0.9146118,2.046875,-0.203125,0.46875
51,-0.12646484,0.23236084,-0.90582275,4.640625,-1.078125,0.140625
52,-0.13476562,0.23162842,-0.9092407,5.625,-3.765625,-0.109375
53,-0.114990234,0.2662964,-0.9727173,38.296875,-13.765625,0.171875
54,-0.068847656,0.3493042,-0.8220825,43.578125,-8.75,1.203125
55,-0.0637207,0.3534546,-0.83477783,0.65625,-3.734375,-1.703125
56,-0.083496094,0.36444092,-0.87457275,-5.609375,2.421875,0.25
57,-0.09399414,0.34881592,-0.9014282,1.734375,-2.796875,0.46875
58,-0.060546875,0.37713623,-0.85479736,18.296875,-9.640625,-1.1875
59,-0.06347656,0.3908081,-0.8550415,14.96875,-5.359375,-0.71875
60,-0.057861328,0.40618896,-0.847229,9.53125,-1.84375,1.6875
61,-0.05419922,0.41229248,-0.9092407,9.359375,-6.703125,1.21875
62,-0.016601562,0.43011475,-0.7727661,16.28125,-9.65625,-1.34375
63,-0.014404297,0.45550537,-0.82159424,1.65625,-5.84375,0.28125
64,-0.032226562,0.4442749,-0.86016846,3.0625,1.09375,2.65625
65,-0.016845703,0.4364624,-0.8267212,8.453125,-1.4375,3.0625
66,-0.015380859,0.43084717,-0.84747314,6.28125,-9.484375,2.515625
67,-0.03955078,0.45648193,-0.8049927,4.453125,-5.703125,4.28125
68,0.00024414062,0.48284912,-0.8245239,1.234375,0.421875,3.796875
69,-0.017822266,0.4640503,-0.8513794,8.6875,-4.21875,3.84375
70,0.020263672,0.45916748,-0.8088989,0.8125,-7.28125,3.546875
71,-0.026367188,0.47503662,-0.8154907,1.21875,-5.484375,4.421875
72,-0.01928711,0.49383545,-0.7661743,3.703125,-3.859375,1.015625
73,-0.008544922,0.5014038,-0.80596924,-5.15625,-0.25,2.015625
74,-0.017822266,0.48431396,-0.83917236,-7.625,2.25,2.75
75,0.005859375,0.48187256,-0.84088135,0.84375,-1.25,2.171875
76,-0.00024414062,0.47235107,-0.819397,-0.328125,-2.578125,0.5
77,0.00048828125,0.47332764,-0.82696533,1.21875,-2.765625,0.546875
78,-0.015625,0.46575928,-0.8711548,6.703125,-5.3125,-1.296875
79,-0.011962891,0.41107178,-0.8513794,1.359375,-6.40625,-8.90625
80,0.020263672,0.48358154,-0.7666626,-2.265625,-0.59375,-10.53125
81,0.049072266,0.4899292,-0.7835083,2.625,1.203125,-5.046875
82,0.08520508,0.5199585,-0.79571533,1.375,1.5,-2.625
83,0.035888672,0.48309326,-0.83062744,2.546875,1.390625,1.21875
84,0.025390625,0.47381592,-0.82354736,6.640625,-0.421875,1.265625
85,0.034179688,0.50701904,-0.8023071,3.9375,0.40625,1.0625
86,0.03515625,0.5101929,-0.77178955,0.71875,-0.703125,1.1875
87,0.032226562,0.5055542,-0.79571533,-2.28125,1.15625,1.828125
88,0.021240234,0.42059326,-0.86138916,-17.015625,-11.21875,-0.25
89,0.015136719,0.4911499,-0.8442993,-28.796875,-18.40625,-3.5
90,0.083984375,0.45355225,-0.8076782,-10.828125,0.1875,-7.1875
91,0.08178711,0.40985107,-0.83721924,-0.203125,1.3125,-3.578125
92,0.07714844,0.40863037,-0.85235596,5.984375,2.296875,-0.8125
93,0.07446289,0.4154663,-0.8272095,2.0625,2.453125,0.90625
94,0.0625,0.43450928,-0.85357666,1.609375,2.546875,-0.234375
95,0.06958008,0.42889404,-0.8286743,2.421875,1.140625,-0.6875
96,0.068115234,0.42913818,-0.831604,1.921875,2.375,0.828125
97,0.063964844,0.43865967,-0.83428955,1.15625,3.734375,1.96875
98,0.05834961,0.44354248,-0.8399048,0.328125,3.0,1.984375
99,0.047851562,0.44451904,-0.8374634,-0.125,2.90625,1.96875
100,0.046875,0.44036865,-0.8296509,1.796875,1.171875,1.8125
101,0.045654297,0.44940186,-0.8340454,1.640625,-0.234375,1.0625
102,0.052978516,0.43988037,-0.83673096,0.53125,0.1875,1.296875
103,0.049316406,0.4472046,-0.8320923,0.90625,0.46875,1.625
104,0.04272461,0.43841553,-0.8418579,0.6875,1.3125,1.9375
105,0.03515625,0.42962646,-0.8521118,6.09375,1.09375,1.453125
106,0.041748047,0.46453857,-0.82159424,8.8125,2.125,1.6875
107,0.040283203,0.465271,-0.8032837,1.3125,-0.359375,2.265625
108,0.029785156,0.45037842,-0.82525635,0.765625,-1.0,1.640625
109,0.024169922,0.46575928,-0.8255005,2.3125,-2.8125,-0.296875
110,0.045654297,0.4755249,-0.8196411,4.21875,-3.046875,-2.09375
111,0.055908203,0.46185303,-0.82037354,-1.03125,-1.34375,0.296875
112,0.04638672,0.4586792,-0.80255127,-0.203125,0.421875,2.078125
113,0.036132812,0.45916748,-0.8303833,-0.4375,-1.796875,1.296875
114,0.045654297,0.47235107,-0.83013916,7.453125,-4.953125,0.21875
115,0.076660156,0.47528076,-0.8255005,2.75,-5.125,-0.296875
116,0.056152344,0.4623413,-0.7905884,-0.890625,1.625,2.6875
117,0.049560547,0.46917725,-0.80792236,-2.4375,0.28125,3.484375
118,0.040527344,0.4755249,-0.87457275,-2.203125,-2.40625,1.4375
119,0.057128906,0.48187256,-0.82525635,4.078125,-7.140625,-0.1875
120,0.091308594,0.46820068,-0.80255127,1.625,-9.015625,-1.5625
121,0.07348633,0.4557495,-0.8049927,0.3125,0.28125,1.359375
122,0.068603516,0.49041748,-0.8374634,0.859375,3.03125,4.015625
123,0.0625,0.46453857,-0.7752075,0.875,-0.734375,3.875
124,0.049560547,0.47650146,-0.85772705,0.3125,1.78125,2.21875
125,0.06933594,0.4989624,-0.7905884,5.0,-2.75,-1.125
126,0.09692383,0.48187256,-0.81036377,3.890625,-6.359375,-1.75
127,0.07446289,0.47039795,-0.78912354,-1.859375,1.34375,0.15625
128,0.07543945,0.48944092,-0.8040161,-2.0625,4.546875,2.3125
129,0.061523438,0.48529053,-0.8086548,-0.890625,3.78125,1.28125
130,0.05102539,0.4755249,-0.80548096,-4.953125,4.84375,1.265625
131,0.059326172,0.46795654,-0.8074341,-5.15625,0.296875,0.53125
132,0.05908203,0.46136475,-0.8152466,-5.859375,2.625,0.59375
133,0.043701172,0.44891357,-0.8076782,-5.625,6.03125,-0.34375
134,0.05493164,0.4694214,-0.835022,-8.921875,7.375,0.921875
135,0.029541016,0.43499756,-0.85235596,-15.546875,9.546875,-0.125
136,0.02758789,0.4171753,-0.83306885,-10.9375,7.1875,-1.125
137,0.0146484375,0.40057373,-0.85235596,-14.671875,7.6875,-0.109375
138,-0.006591797,0.3912964,-0.862854,-18.84375,7.921875,-0.328125
139,-0.0026855469,0.35101318,-0.87750244,-14.484375,8.921875,-1.34375
140,-0.013183594,0.35076904,-0.8779907,-13.234375,6.21875,-1.0
141,-0.018798828,0.3348999,-0.8843384,-12.6875,3.21875,-0.578125
142,-0.029052734,0.3102417,-0.895813,-7.75,2.078125,-0.8125
143,-0.021972656,0.30340576,-0.89630127,-8.65625,1.8125,-0.796875
144,-0.02758789,0.2819214,-0.8892212,-5.25,2.875,-1.765625
145,-0.028808594,0.27972412,-0.9048462,-7.46875,5.421875,-1.671875
146,-0.03515625,0.2741089,-0.9158325,-7.15625,8.046875,-0.40625
147,-0.05078125,0.27581787,-0.87335205,-7.984375,9.71875,1.671875
148,-0.07519531,0.24847412,-0.913147,-13.25,10.171875,2.21875
149,-0.08496094,0.22845459,-0.94195557,-4.3125,4.1875,1.359375
150,-0.0715332,0.24261475,-0.91729736,0.828125,1.3125,1.328125
151,-0.091552734,0.22821045,-0.9194946,0.546875,-0.640625,1.640625
152,-0.08935547,0.23577881,-0.89556885,0.703125,-0.1875,1.46875
153,-0.08520508,0.23504639,-0.89801025,0.5625,0.84375,1.34375
154,-0.0949707,0.22991943,-0.9085083,0.6875,0.03125,1.09375
155,-0.07910156,0.23577881,-0.9019165,2.125,-2.203125,1.53125
156,-0.0793457,0.24505615,-0.9495239,2.65625,-6.453125,1.34375
157,-0.072509766,0.24456787,-0.89630127,4.1875,-4.90625,1.0
158,-0.05493164,0.25726318,-0.8689575,1.421875,-1.609375,1.9375
159,-0.0769043,0.23699951,-0.92144775,-2.015625,1.609375,2.453125
160,-0.072021484,0.24847412,-0.9048462,-0.1875,0.40625,2.515625
161,-0.064453125,0.24676514,-0.90875244,0.921875,-0.75,3.0
162,-0.0690918,0.23065186,-0.9199829,1.46875,-1.40625,2.828125
163,-0.068603516,0.25360107,-0.90045166,1.1875,-0.6875,2.640625
164,-0.076660156,0.24700928,-0.91119385,0.21875,0.140625,1.9375
165,-0.07470703,0.24383545,-0.9036255,0.078125,0.140625,1.484375
166,-0.06665039,0.246521,-0.9055786,0.0,0.3125,1.09375
167,-0.078125,0.24456787,-0.90216064,0.359375,0.171875,0.828125
168,-0.07714844,0.2411499,-0.9175415,0.46875,0.046875,0.546875
169,-0.07373047,0.24871826,-0.90802,1.28125,-0.46875,0.625
170,-0.061035156,0.23626709,-0.92266846,3.921875,-1.9375,0.90625
171,-0.06591797,0.25579834,-0.913147,6.453125,-3.578125,0.734375
172,-0.068603516,0.2670288,-0.90045166,7.859375,-4.359375,0.578125
173,-0.07104492,0.26141357,-0.9043579,6.203125,-3.921875,-0.359375
174,-0.045166016,0.2897339,-0.9248657,7.0,-8.109375,-1.578125
175,-0.02368164,0.30438232,-0.9109497,16.484375,-12.765625,-2.5625
176,-0.03881836,0.30438232,-0.86846924,4.34375,-4.890625,-1.546875
177,-0.0024414062,0.3102417,-0.8740845,-2.890625,1.5,-0.609375
178,-0.01953125,0.29510498,-0.894104,0.0625,1.1875,0.703125
179,-0.017089844,0.3156128,-0.89508057,1.375,-0.734375,1.6875
180,-0.025878906,0.3114624,-0.8875122,3.78125,-4.6875,1.171875
181,-0.008056641,0.3217163,-0.88165283,2.3125,-2.515625,0.9375
182,0.005859375,0.31365967,-0.88165283,-1.5,1.109375,0.40625
183,-0.010009766,0.3139038,-0.9109497,3.046875,0.203125,0.375
184,-0.016845703,0.32537842,-0.8892212,7.328125,-1.375,1.34375
185,-0.009765625,0.34246826,-0.87506104,5.3125,-4.140625,0.328125
186,-0.009033203,0.324646,-0.85821533,-2.5,0.671875,-0.140625
187,-0.009765625,0.32196045,-0.8804321,-8.3125,4.0625,-0.53125
188,-0.016845703,0.30218506,-0.89141846,-5.546875,5.03125,0.859375
189,-0.007080078,0.3114624,-0.91973877,-5.75,3.890625,1.140625
190,-0.024902344,0.30682373,-0.8921509,1.09375,0.03125,1.78125
191,-0.03100586,0.2958374,-0.8899536,-0.1875,0.609375,0.921875
192,-0.019042969,0.30462646,-0.89678955,1.328125,-0.015625,0.921875
193,-0.030273438,0.30584717,-0.89849854,3.046875,-0.515625,1.578125
194,-0.03149414,0.3151245,-0.88848877,3.234375,-1.546875,1.4375
195,-0.022949219,0.31463623,-0.88531494,3.109375,-1.484375,1.109375
196,-0.022949219,0.31072998,-0.88604736,2.90625,-1.53125,1.140625
197,-0.020996094,0.3241577,-0.88360596,1.6875,-0.890625,0.78125
198,-0.013916016,0.322937,-0.8870239,1.71875,-1.015625,0.875
199,-0.01928711,0.32391357,-0.8809204,2.265625,-1.328125,1.1875
200,-0.01928711,0.31658936,-0.880188,1.734375,-1.109375,1.328125
201,-0.01586914,0.32757568,-0.8796997,2.0625,-1.078125,1.765625
202,-0.013916016,0.32757568,-0.88653564,1.765625,-0.6875,1.828125
203,-0.01928711,0.3270874,-0.87384033,1.84375,-0.5625,1.765625
204,-0.022460938,0.3312378,-0.8855591,-0.484375,-0.046875,1.015625
205,-0.012451172,0.32904053,-0.8753052,2.203125,0.640625,1.703125
206,-0.02734375,0.32781982,-0.8428345,-9.484375,8.046875,1.96875
207,-0.029296875,0.31878662,-0.89312744,-19.484375,13.21875,3.125
208,-0.047607422,0.28289795,-0.91729736,-13.84375,7.5625,4.390625
209,-0.06201172,0.2694702,-0.9192505,-5.359375,5.375,5.03125
210,-0.0703125,0.27020264,-0.9246216,1.109375,-0.734375,4.46875
211,-0.0715332,0.2662964,-0.9246216,5.921875,-5.09375,4.90625
212,-0.055419922,0.30291748,-0.9414673,18.828125,-14.796875,3.96875
213,-0.022705078,0.31097412,-0.81500244,20.734375,-11.421875,4.34375
214,-0.060546875,0.3143921,-0.8723755,2.34375,-6.296875,3.796875
215,-0.03100586,0.3209839,-0.87750244,-1.46875,1.1875,4.0625
216,-0.02758789,0.3366089,-0.89190674,0.765625,-1.84375,3.875
217,-0.0234375,0.3283081,-0.9319458,8.953125,-7.609375,2.515625
218,-0.016357422,0.35809326,-0.8814087,17.609375,-12.671875,-0.703125
219,0.0078125,0.36688232,-0.85040283,11.796875,-10.6875,-1.96875
220,0.018554688,0.37371826,-0.861145,9.265625,-5.984375,-1.78125
221,0.017578125,0.38812256,-0.895813,10.640625,-12.515625,-2.453125
222,0.06201172,0.40863037,-0.8364868,8.71875,-7.390625,-2.84375
223,0.053222656,0.4076538,-0.84454346,2.078125,-0.859375,-2.734375
224,0.045410156,0.40740967,-0.8587036,2.5,-0.828125,-1.015625
225,0.055664062,0.418396,-0.8479614,0.703125,1.109375,-0.46875
226,0.056640625,0.4179077,-0.86920166,3.0,-1.890625,-1.578125
227,0.08081055,0.39471436,-0.8237915,4.53125,-0.171875,-1.4375
228,0.06616211,0.4274292,-0.83673096,-2.796875,4.109375,0.140625
229,0.04345703,0.41375732,-0.8508911,-0.921875,3.75,1.765625
230,0.04272461,0.41082764,-0.8377075,-2.78125,6.0,3.140625
231,0.025146484,0.401062,-0.8584595,-6.390625,5.6875,1.90625
232,0.022705078,0.39031982,-0.8538208,-5.015625,2.796875,1.84375
233,0.02709961,0.39056396,-0.8555298,-7.109375,3.59375,3.046875
234,0.009765625,0.3727417,-0.82696533,-11.671875,7.6875,4.390625
235,-0.0056152344,0.37298584,-0.91485596,-18.671875,10.203125,3.859375
236,-0.01953125,0.35003662,-0.8897095,-4.515625,2.359375,2.0
237,-0.016357422,0.33929443,-0.88848877,-2.984375,1.96875,0.296875
238,-0.022949219,0.32733154,-0.88653564,0.125,0.4375,-0.171875
239,-0.0075683594,0.34295654,-0.87872314,0.953125,-0.5,0.234375
240,-0.013916016,0.34368896,-0.88287354,0.390625,-1.09375,1.4375
241,-0.011230469,0.34857178,-0.8718872,2.40625,-2.984375,1.484375
242,-0.005859375,0.3378296,-0.8670044,-0.984375,0.453125,1.46875
243,-0.0234375,0.3319702,-0.8875122,-5.78125,3.328125,1.046875
244,-0.013427734,0.33587646,-0.8867798,-0.984375,0.34375,0.125
245,-0.0036621094,0.33538818,-0.88897705,-0.265625,-0.15625,-0.34375
246,-0.013183594,0.3241577,-0.88165283,-0.40625,0.609375,0.109375
247,-0.009033203,0.32635498,-0.8689575,-2.59375,1.8125,0.859375
248,-0.015380859,0.31585693,-0.86065674,-12.6875,4.84375,1.625
249,-0.040283203,0.29022217,-0.9085083,-16.1875,9.09375,1.921875
250,-0.051757812,0.2694702,-0.9085083,-13.421875,4.71875,1.921875
251,-0.04638672,0.26483154,-0.92022705,-7.296875,2.25,1.46875
252,-0.037353516,0.26190186,-0.9065552,-0.46875,2.328125,0.109375
253,-0.045410156,0.26361084,-0.9175415,0.703125,0.546875,0.375
254,-0.060546875,0.25897217,-0.89678955,0.859375,0.515625,0.09375
255,-0.059570312,0.25506592,-0.90216064,0.234375,1.1875,-0.390625
256,-0.055908203,0.26019287,-0.90582275,0.828125,0.546875,-1.125
257,-0.056396484,0.26654053,-0.9204712,2.078125,-2.859375,-2.109375
258,-0.045654297,0.2579956,-0.8965454,8.0,-4.0625,-2.984375
259,-0.04663086,0.28118896,-0.8735962,3.328125,-0.046875,-2.546875
260,-0.033935547,0.276062,-0.88116455,-3.875,3.703125,-1.6875
261,-0.044677734,0.26263428,-0.9133911,-4.1875,4.96875,-0.5
262,-0.053955078,0.2741089,-0.9158325,-1.375,3.078125,0.078125
263,-0.055419922,0.26483154,-0.91119385,0.203125,0.21875,-0.078125
264,-0.055664062,0.26312256,-0.9067993,0.671875,-0.515625,-0.6875
265,-0.055419922,0.26116943,-0.9026489,0.875,-0.609375,-1.203125
266,-0.04711914,0.26898193,-0.90338135,1.375,-1.25,-1.453125
267,-0.045166016,0.27630615,-0.9031372,1.921875,-1.265625,-1.9375
268,-0.0546875,0.27093506,-0.89849854,2.3125,-2.078125,-2.5
269,-0.041259766,0.2753296,-0.8999634,2.515625,-1.328125,-2.859375
270,-0.037109375,0.27850342,-0.8960571,1.703125,-0.40625,-2.34375
271,-0.03100586,0.2753296,-0.895813,1.875,-0.09375,-1.5
272,-0.03149414,0.28240967,-0.89849854,1.21875,0.21875,0.0
273,-0.040283203,0.28338623,-0.89727783,2.140625,-0.203125,1.515625
274,-0.03100586,0.28631592,-0.89556885,2.390625,-0.4375,2.6875
275,-0.04296875,0.28582764,-0.88946533,0.859375,-0.03125,3.59375
276,-0.033691406,0.291687,-0.8953247,0.46875,-0.15625,4.984375
277,-0.03564453,0.28948975,-0.89019775,-0.515625,0.234375,5.765625
278,-0.048828125,0.28411865,-0.894104,-1.34375,0.3125,6.15625
279,-0.049560547,0.28411865,-0.89508057,-1.40625,0.59375,6.4375
280,-0.053955078,0.27801514,-0.9011841,-1.328125,0.515625,6.8125
281,-0.056640625,0.2736206,-0.90460205,-0.921875,-0.28125,6.8125
282,-0.055664062,0.27191162,-0.9092407,0.125,-0.90625,6.8125
283,-0.06567383,0.27630615,-0.9053345,0.609375,-2.21875,6.265625
284,-0.060058594,0.27337646,-0.9019165,0.578125,-2.421875,4.875
285,-0.061767578,0.27508545,-0.90093994,1.171875,-2.390625,3.09375
286,-0.061767578,0.27850342,-0.8960571,1.28125,-1.828125,1.375
287,-0.049316406,0.27801514,-0.90045166,1.34375,-1.703125,-0.03125
288,-0.04248047,0.28094482,-0.9036255,2.0625,-1.0625,-1.171875
289,-0.055664062,0.27752686,-0.8936157,2.1875,-0.53125,-2.34375
290,-0.041503906,0.2855835,-0.8989868,0.9375,0.5625,-2.96875
291,-0.05053711,0.28704834,-0.8945923,0.609375,1.1875,-3.21875
292,-0.041992188,0.28900146,-0.89971924,0.328125,1.375,-3.28125
293,-0.046142578,0.29071045,-0.8948364,0.15625,1.328125,-3.25
294,-0.041259766,0.28656006,-0.894104,0.109375,1.421875,-2.75
295,-0.04345703,0.2909546,-0.89923096,0.1875,0.921875,-2.03125
296,-0.036865234,0.2904663,-0.89385986,1.015625,-0.0625,-0.546875
297,-0.03564453,0.29022217,-0.8999634,1.296875,-0.359375,1.234375
298,-0.045410156,0.29364014,-0.89508057,1.109375,-0.421875,2.21875
299,-0.04248047,0.28729248,-0.8945923,0.734375,-1.078125,3.140625
300,-0.044677734,0.2921753,-0.8989868,0.203125,-1.0625,3.828125
301,-0.055908203,0.28485107,-0.90338135,1.796875,-2.1875,4.3125
302,-0.045654297,0.29266357,-0.9019165,3.1875,-3.234375,3.453125
303,-0.04321289,0.30023193,-0.89190674,4.078125,-3.765625,2.125
304,-0.037597656,0.30389404,-0.90093994,5.625,-3.6875,0.78125
305,-0.02319336,0.307312,-0.89385986,6.890625,-4.359375,-0.0625
306,-0.024658203,0.32537842,-0.90704346,15.296875,-11.3125,-0.90625
307,-0.0068359375,0.33636475,-0.8850708,19.1875,-10.796875,-1.953125
308,0.0026855469,0.35614014,-0.8526001,16.234375,-6.65625,-1.296875
309,0.0146484375,0.37664795,-0.8362427,7.46875,-0.15625,-0.390625
310,0.014160156,0.39007568,-0.8584595,-1.828125,2.734375,0.984375
311,0.0056152344,0.38739014,-0.8682251,-0.96875,0.984375,0.640625
312,0.009765625,0.3834839,-0.87213135,-0.53125,-0.140625,0.5625
313,0.017089844,0.3920288,-0.87213135,4.1875,-3.234375,1.109375
314,0.022216797,0.3949585,-0.8599243,6.671875,-4.765625,2.0
315,0.011962891,0.39813232,-0.8442993,5.328125,-5.53125,2.296875
316,0.013183594,0.39788818,-0.8411255,2.828125,-3.171875,1.421875
317,0.020263672,0.40447998,-0.85479736,1.5,-3.171875,1.203125
318,0.0390625,0.402771,-0.86724854,3.859375,-6.265625,0.21875
319,0.03564453,0.40179443,-0.85284424,6.484375,-4.671875,0.375
320,0.014160156,0.43621826,-0.9404907,25.421875,-5.75,0.234375
321,0.07397461,0.4352417,-0.7022095,21.578125,-5.40625,-1.703125
322,0.075683594,0.4718628,-0.79815674,-0.265625,-0.3125,-0.609375
323,0.06762695,0.47088623,-0.81695557,-1.03125,3.65625,1.3125
324,0.056396484,0.46185303,-0.8352661,-2.5,1.28125,1.671875
325,0.059570312,0.48358154,-0.85894775,6.265625,-3.546875,-0.1875
326,0.0637207,0.4755249,-0.7974243,6.4375,-4.78125,0.265625
327,0.07373047,0.4755249,-0.7871704,-5.765625,4.671875,2.109375
328,0.048583984,0.46136475,-0.8040161,-7.0625,4.703125,2.09375
329,0.037597656,0.4537964,-0.86724854,-8.84375,1.234375,0.5625
330,0.05078125,0.46038818,-0.8130493,2.046875,-4.765625,0.421875
331,0.048339844,0.43695068,-0.8233032,-3.96875,-4.703125,-1.140625
332,0.057861328,0.44158936,-0.84259033,-9.421875,3.515625,-0.078125
333,0.04663086,0.4237671,-0.82159424,-2.390625,-1.828125,0.46875
334,0.045898438,0.42303467,-0.8430786,-0.34375,-4.65625,-1.046875
335,0.08276367,0.44696045,-0.81915283,2.4375,-6.203125,-0.484375
336,0.08154297,0.43206787,-0.817688,0.25,0.578125,-0.3125
337,0.07714844,0.4220581,-0.86602783,0.140625,0.0,-0.78125
338,0.07519531,0.4389038,-0.82476807,-0.109375,2.046875,1.421875
339,0.037109375,0.4196167,-0.84991455,-0.15625,3.59375,0.71875
340,0.060302734,0.45892334,-0.8484497,2.203125,0.59375,0.625
341,0.072265625,0.4335327,-0.8279419,2.046875,-1.71875,-0.03125
342,0.068603516,0.4225464,-0.81622314,-6.96875,4.90625,0.515625
343,0.056884766,0.4257202,-0.86187744,-11.046875,9.859375,2.296875
344,0.03857422,0.41107178,-0.83917236,-6.421875,6.5625,1.53125
345,0.03491211,0.40570068,-0.87701416,-3.296875,3.8125,1.3125
346,0.025146484,0.3949585,-0.8596802,2.828125,-1.171875,0.34375
347,0.05126953,0.41375732,-0.8555298,6.609375,-3.0,0.625
348,0.04638672,0.41082764,-0.83966064,-0.671875,-0.296875,1.4375
349,0.042236328,0.40472412,-0.8394165,-3.203125,2.625,2.34375
350,0.055908203,0.3883667,-0.85235596,-2.828125,3.671875,2.296875
351,0.020751953,0.4147339,-0.86065674,-0.90625,2.203125,1.9375
352,0.016357422,0.4154663,-0.85162354,3.375,-1.984375,0.484375
353,0.033691406,0.41033936,-0.85040283,6.875,-3.484375,-0.53125
354,0.04272461,0.42034912,-0.8196411,2.71875,-2.28125,0.546875
355,0.037353516,0.4039917,-0.83966064,-5.125,2.234375,1.109375
356,0.033935547,0.40594482,-0.8530884,-9.78125,5.546875,1.796875
357,0.029541016,0.3973999,-0.8723755,-3.34375,1.9375,1.6875
358,0.01977539,0.3949585,-0.8701782,-0.171875,0.78125,1.8125
359,0.01586914,0.39691162,-0.8640747,2.921875,-0.578125,1.390625
360,0.018798828,0.39471436,-0.86065674,4.609375,-0.90625,1.5625
361,0.019042969,0.40203857,-0.8513794,5.703125,-2.03125,1.46875
362,0.02734375,0.4179077,-0.8599243,6.25,-1.625,1.171875
363,0.015625,0.40447998,-0.8106079,0.390625,2.09375,1.125
364,0.017578125,0.4088745,-0.819397,-19.1875,9.546875,3.25
365,0.017822266,0.35662842,-0.8928833,-38.609375,8.46875,1.234375
366,-0.0063476562,0.3319702,-0.8970337,-16.5,7.171875,1.84375
367,-0.010498047,0.34979248,-0.9014282,3.015625,-0.8125,1.328125
368,-0.0048828125,0.33563232,-0.8987427,7.21875,-4.84375,0.984375
369,-0.007080078,0.34735107,-0.86920166,12.15625,-7.625,0.9375
370,0.0075683594,0.3517456,-0.8633423,7.40625,-4.5625,1.109375
371,0.0061035156,0.36346436,-0.8677368,1.96875,-2.03125,1.40625
372,0.014160156,0.3632202,-0.8772583,2.234375,-3.71875,1.234375
373,0.014160156,0.3649292,-0.8753052,4.203125,-4.0625,1.171875
374,0.01928711,0.37176514,-0.86065674,7.234375,-3.671875,1.5625
375,0.02734375,0.38006592,-0.8526001,7.625,-3.71875,2.078125
376,0.024169922,0.39276123,-0.85284424,5.578125,-3.046875,2.09375
377,0.032958984,0.40325928,-0.8484497,4.03125,-1.640625,2.5625
378,0.02758789,0.40863037,-0.8623657,2.9375,-1.84375,2.609375
379,0.029541016,0.42108154,-0.8789673,6.59375,-3.9375,1.765625
380,0.025146484,0.39593506,-0.8555298,12.75,-9.875,-2.125
381,0.057128906,0.41351318,-0.8320923,8.140625,-2.265625,-3.3125
382,0.049560547,0.45062256,-0.8008423,5.078125,-0.453125,-2.078125
383,0.05859375,0.44891357,-0.8101196,-3.015625,-0.140625,1.15625
384,0.056396484,0.42669678,-0.8272095,-6.1875,1.8125,1.78125
385,0.05419922,0.43182373,-0.8452759,-3.171875,2.453125,2.578125
386,0.046142578,0.42840576,-0.84381104,-3.8125,2.234375,1.875
387,0.041259766,0.4118042,-0.84454346,-2.875,3.34375,1.484375
388,0.037353516,0.41229248,-0.84942627,-3.25,3.921875,1.234375
389,0.032958984,0.4142456,-0.85162354,-5.25,4.6875,0.671875
390,0.017578125,0.40374756,-0.848938,-6.796875,3.65625,-0.1875
391,0.014160156,0.39642334,-0.8562622,-7.78125,4.734375,-0.921875
392,0.0146484375,0.3829956,-0.8657837,-7.65625,4.5,-1.28125
393,0.009765625,0.36834717,-0.87750244,-7.71875,3.5625,-2.109375
394,0.009521484,0.3661499,-0.8621216,-7.90625,4.796875,-3.25
395,-0.0075683594,0.3546753,-0.8838501,-5.078125,3.9375,-3.3125
396,0.007080078,0.33392334,-0.87994385,-1.96875,2.421875,-2.453125
397,0.0126953125,0.34588623,-0.8735962,-2.171875,2.640625,-0.453125
398,-0.005859375,0.33831787,-0.8831177,-2.625,2.71875,0.875
399,-0.010986328,0.33270264,-0.8867798,-2.1875,1.859375,1.109375
400,-0.0061035156,0.34124756,-0.880188,-0.28125,0.46875,1.109375
401,-0.008056641,0.34002686,-0.88726807,0.046875,-0.046875,1.875
402,-0.014892578,0.33831787,-0.87945557,0.6875,-0.59375,2.28125
403,-0.012939453,0.340271,-0.88165283,0.6875,-1.109375,2.53125
404,-0.010009766,0.3361206,-0.88067627,-0.03125,-0.375,2.5625
405,-0.010498047,0.3348999,-0.880188,-0.25,-0.375,2.4375
406,-0.020507812,0.32659912,-0.881897,-0.40625,-0.296875,2.421875
407,-0.0063476562,0.33392334,-0.87628174,-0.828125,-0.1875,2.390625
408,-0.016357422,0.32440186,-0.88531494,-0.375,0.046875,2.21875
409,-0.020019531,0.32611084,-0.8723755,0.15625,0.65625,1.890625
410,-0.018310547,0.33441162,-0.881897,-7.859375,4.078125,2.4375
411,-0.036865234,0.3156128,-0.88775635,-8.203125,1.515625,2.078125
412,-0.03881836,0.31658936,-0.8960571,-1.796875,0.984375,1.09375
413,-0.02368164,0.31365967,-0.8911743,-0.484375,0.4375,1.265625
414,-0.031982422,0.3085327,-0.8948364,0.59375,-0.328125,1.515625
415,-0.020507812,0.31170654,-0.8945923,1.125,-1.15625,1.9375
416,-0.028320312,0.30169678,-0.8948364,1.8125,-1.0,2.28125
417,-0.02368164,0.3085327,-0.894104,2.3125,-0.90625,1.90625
418,-0.024414062,0.3156128,-0.89141846,3.453125,-1.171875,2.015625
419,-0.033691406,0.3209839,-0.8862915,3.75,-1.203125,1.9375
420,-0.024169922,0.32196045,-0.8792114,3.03125,-0.765625,1.734375
421,-0.022949219,0.33270264,-0.8779907,3.03125,-0.765625,1.359375
422,-0.022460938,0.3300171,-0.8897095,3.859375,-1.21875,1.078125
423,-0.02368164,0.3361206,-0.8855591,6.359375,-2.140625,1.078125
424,-0.016601562,0.33831787,-0.9019165,9.234375,-4.15625,0.9375
425,-0.011230469,0.4142456,-0.9102173,33.65625,-9.578125,-1.875
426,0.049804688,0.43060303,-0.77838135,39.828125,-13.796875,-8.6875
427,0.0146484375,0.41937256,-0.8093872,5.4375,-4.546875,-6.640625
428,-0.014160156,0.45648193,-0.77667236,-0.578125,-0.875,-0.03125
429,0.023925781,0.44989014,-0.91485596,-4.828125,-4.59375,1.375
430,0.03149414,0.4262085,-0.800354,10.546875,-16.703125,-3.9375
431,0.07910156,0.46307373,-0.8545532,0.921875,-11.984375,-0.609375
432,0.09106445,0.44891357,-0.78375244,0.3125,-5.515625,0.125
433,0.06713867,0.41864014,-0.8604126,-4.640625,-6.578125,2.265625
434,0.103271484,0.40570068,-0.90631104,-12.453125,-29.109375,-0.625
435,0.1508789,0.47210693,-0.77789307,0.0625,-15.1875,-0.28125
436,0.16259766,0.42645264,-0.81427,-0.21875,-3.296875,-1.671875
437,0.12841797,0.38031006,-0.94537354,0.859375,0.9375,-1.90625
438,0.17407227,0.41229248,-0.73565674,-1.484375,-4.15625,-1.25
439,0.14746094,0.4232788,-0.82403564,5.46875,3.609375,5.296875
440,0.12524414,0.45062256,-0.75494385,9.4375,3.359375,2.984375
441,0.15307617,0.4882202,-0.8340454,-1.390625,3.171875,2.671875
442,0.15039062,0.4689331,-0.83380127,0.609375,6.71875,3.984375
443,0.14086914,0.44500732,-0.8272095,6.53125,-2.34375,6.53125
444,0.10229492,0.5031128,-0.7625122,0.484375,-5.609375,4.53125
445,0.11450195,0.49627686,-0.7954712,-0.34375,3.609375,0.53125
446,0.11645508,0.48406982,-0.82891846,-1.203125,5.921875,-2.9375
447,0.1274414,0.44207764,-0.7942505,-0.171875,5.046875,-2.0
448,0.13012695,0.46673584,-0.8098755,-7.171875,6.484375,0.59375
449,0.099121094,0.43841553,-0.81866455,-3.34375,3.046875,-0.421875
450,0.114746094,0.4454956,-0.8701782,-7.828125,2.171875,-0.171875
451,0.10644531,0.42913818,-0.8604126,-0.796875,-6.421875,-2.234375
452,0.111572266,0.4393921,-0.84088135,9.859375,-11.140625,-2.4375
453,0.1459961,0.43084717,-0.76568604,3.71875,-6.421875,-0.609375
454,0.13110352,0.42938232,-0.7901001,-6.375,8.09375,1.5625
455,0.119628906,0.43548584,-0.8377075,-8.75,9.40625,1.84375
456,0.12109375,0.4328003,-0.83062744,-3.65625,5.40625,1.703125
457,0.104003906,0.43426514,-0.861145,-1.4375,3.53125,1.578125
458,0.09375,0.42889404,-0.83135986,2.703125,-0.796875,-0.8125
459,0.10180664,0.4376831,-0.8345337,2.171875,0.609375,-0.625
460,0.095458984,0.42108154,-0.80255127,-2.625,3.40625,-0.546875
461,0.10058594,0.41278076,-0.85528564,-8.5,7.46875,0.1875
462,0.10229492,0.42938232,-0.8442993,-2.15625,6.78125,2.359375
463,0.0871582,0.43499756,-0.87506104,2.828125,3.1875,1.984375
464,0.08959961,0.41156006,-0.8308716,8.984375,0.34375,1.375
465,0.08081055,0.42938232,-0.8179321,0.703125,3.9375,1.640625
466,0.05517578,0.3944702,-0.8093872,-10.625,11.15625,1.265625
467,0.053955078,0.39837646,-0.8858032,-19.296875,10.078125,-1.375
468,0.053466797,0.37738037,-0.8452759,-13.90625,6.03125,-1.09375
469,0.024902344,0.3920288,-0.85943604,-15.546875,5.046875,-0.578125
470,-0.001953125,0.37005615,-0.87945557,-11.328125,1.03125,-1.625
471,0.03125,0.33929443,-0.90582275,-6.984375,0.421875,-2.09375
472,0.045898438,0.30999756,-0.89923096,-6.5,1.109375,-1.984375
473,0.030761719,0.31219482,-0.8821411,-5.75,4.21875,-0.984375
474,0.017578125,0.29974365,-0.897522,-2.890625,3.359375,0.921875
475,0.015380859,0.30169678,-0.8821411,-3.796875,2.03125,1.984375
476,0.017822266,0.29412842,-0.90338135,-2.328125,1.859375,2.359375
477,0.010986328,0.29730225,-0.913147,1.59375,-1.171875,1.765625
478,0.0234375,0.29852295,-0.90753174,5.296875,-4.296875,0.71875
479,0.036132812,0.32122803,-0.89019775,7.890625,-6.28125,0.390625
480,0.027832031,0.3078003,-0.87335205,2.875,-1.546875,0.515625
481,0.032226562,0.3168335,-0.8792114,1.15625,-0.015625,0.9375
482,0.03173828,0.32244873,-0.8887329,0.09375,-0.28125,1.1875
483,0.036621094,0.31707764,-0.9060669,1.75,-1.46875,1.265625
484,0.038330078,0.3241577,-0.8760376,5.46875,-6.90625,0.3125
485,0.05419922,0.35247803,-0.9085083,5.8125,-8.421875,0.421875
486,0.0637207,0.3258667,-0.83843994,3.046875,-6.5,0.203125
487,0.06323242,0.32806396,-0.861145,0.703125,0.1875,1.328125
488,0.06762695,0.35736084,-0.8726196,-0.265625,2.140625,1.921875
489,0.059326172,0.33709717,-0.8928833,0.109375,0.921875,2.03125
490,0.05444336,0.32855225,-0.87164307,3.1875,-1.984375,0.90625
491,0.06567383,0.3529663,-0.878479,4.65625,-4.046875,0.421875
492,0.068115234,0.3378296,-0.87384033,-0.125,0.140625,0.328125
493,0.061523438,0.33880615,-0.8374634,-4.3125,5.671875,1.234375
494,0.049316406,0.3456421,-0.9216919,-5.40625,8.328125,1.671875
495,0.042236328,0.3336792,-0.8867798,-0.34375,2.625,1.15625
496,0.04296875,0.3300171,-0.8928833,1.609375,0.71875,1.3125
497,0.036376953,0.34124756,-0.8855591,2.375,0.078125,0.953125
498,0.046875,0.34124756,-0.8743286,6.1875,-4.5625,0.0
499,0.0546875,0.35198975,-0.8635864,2.796875,-2.046875,0.90625
500,0.040771484,0.33929443,-0.8447876,-1.34375,3.0,1.25
501,0.036621094,0.33880615,-0.8521118,-10.21875,10.046875,2.015625
502,0.041992188,0.3270874,-0.8760376,-19.609375,18.171875,3.890625
503,-0.012939453,0.28118896,-0.9360962,-18.5,18.21875,2.59375
504,-0.013183594,0.29412842,-0.94781494,3.21875,0.75,1.171875
505,-0.017578125,0.29193115,-0.9248657,7.6875,-4.90625,1.203125
506,-0.020751953,0.293396,-0.9146118,13.328125,-11.859375,0.5625
507,0.018554688,0.3324585,-0.8945923,20.859375,-14.796875,-1.0
508,0.03955078,0.369812,-0.8491821,7.84375,-7.296875,-0.53125
509,0.036865234,0.3390503,-0.84991455,-1.25,-1.59375,-0.265625
510,0.025878906,0.34002686,-0.8604126,-3.453125,6.0625,1.3125
511,0.015625,0.33343506,-0.8899536,-6.34375,6.765625,2.296875
512,0.018066406,0.33392334,-0.9024048,1.03125,-1.328125,1.953125
513,0.0087890625,0.3522339,-0.8789673,8.03125,-6.546875,1.140625
514,0.022949219,0.3595581,-0.86309814,13.0625,-7.921875,-0.234375
515,0.044677734,0.3673706,-0.83477783,-0.796875,0.21875,-0.078125
516,0.027832031,0.35369873,-0.86383057,-4.25,4.703125,1.4375
517,0.026855469,0.34661865,-0.8833618,-2.484375,2.515625,1.234375
518,0.024658203,0.35150146,-0.8843384,-0.53125,1.203125,1.3125
519,0.017089844,0.35369873,-0.88165283,2.109375,-0.078125,1.328125
520,0.015136719,0.3444214,-0.88116455,2.6875,-2.015625,0.625
521,0.031982422,0.3619995,-0.8875122,6.171875,-4.0,0.796875
522,0.03491211,0.3637085,-0.8440552,6.28125,-2.09375,1.375
523,0.024658203,0.36834717,-0.86676025,-1.734375,2.203125,2.0
524,0.026367188,0.37078857,-0.8735962,-2.65625,2.5625,2.375
525,0.026611328,0.36541748,-0.878479,-2.171875,0.5625,2.265625
526,0.020996094,0.36224365,-0.8735962,0.578125,-1.25,2.03125
527,0.020751953,0.35760498,-0.9006958,1.46875,-2.046875,1.421875
528,0.025146484,0.36932373,-0.8670044,9.5625,-8.53125,-0.265625
529,0.051757812,0.3793335,-0.82037354,5.96875,-5.078125,-0.03125
530,0.040771484,0.37615967,-0.85894775,-2.375,1.421875,0.921875
531,0.046142578,0.38153076,-0.8530884,-6.609375,5.734375,2.0
532,0.03100586,0.36688232,-0.8850708,-4.75,2.796875,1.09375
533,0.030517578,0.3649292,-0.8796997,-0.421875,0.453125,0.921875
534,0.025146484,0.35809326,-0.8735962,1.5625,-0.3125,0.90625
535,0.022705078,0.3571167,-0.8862915,2.203125,-0.703125,0.515625
536,0.03149414,0.369812,-0.8640747,4.40625,-2.65625,0.421875
537,0.03173828,0.38079834,-0.8579712,2.875,-1.78125,0.546875
538,0.031982422,0.37249756,-0.8479614,-1.78125,1.921875,0.625
539,0.030029297,0.37469482,-0.86676025,-3.5625,2.859375,0.75
540,0.030517578,0.3600464,-0.8743286,-3.296875,2.015625,0.46875
541,0.026855469,0.35369873,-0.87994385,-1.53125,0.84375,0.25
542,0.02709961,0.35565186,-0.87335205,0.65625,-0.234375,0.40625
543,0.020996094,0.35687256,-0.8726196,0.734375,0.21875,0.296875
544,0.022705078,0.36639404,-0.86846924,0.25,0.375,0.015625
545,0.02734375,0.35638428,-0.86846924,0.515625,0.1875,0.375
546,0.024414062,0.3619995,-0.8687134,0.390625,-0.1875,0.59375
547,0.018066406,0.3649292,-0.8677368,0.265625,0.140625,0.875
548,0.018066406,0.35760498,-0.86846924,0.203125,-0.0625,0.65625
549,0.026367188,0.3600464,-0.87042236,-0.140625,-0.078125,0.75
550,0.024658203,0.35614014,-0.8687134,-0.59375,0.25,0.890625
551,0.020507812,0.35614014,-0.87701416,-1.1875,0.609375,0.96875
552,0.025390625,0.35882568,-0.87945557,1.234375,-0.546875,0.75
553,0.025878906,0.35638428,-0.86798096,0.421875,-0.234375,0.8125
554,0.01928711,0.36541748,-0.86602783,-0.234375,0.28125,0.765625
555,0.016357422,0.35638428,-0.8674927,-1.53125,1.546875,1.03125
556,0.01586914,0.355896,-0.85528564,-4.5625,4.03125,1.375
557,0.012207031,0.33929443,-0.8792114,-11.734375,7.796875,2.5625
558,-0.0029296875,0.32513428,-0.90167236,-13.640625,6.421875,2.734375
559,-0.0034179688,0.3180542,-0.8904419,-7.953125,1.46875,1.359375
560,-0.010498047,0.31292725,-0.8945923,-4.265625,2.328125,1.515625
561,-0.014160156,0.29779053,-0.90875244,-0.40625,0.015625,1.171875
562,-0.012207031,0.30633545,-0.8999634,0.578125,-0.4375,1.171875
563,-0.015380859,0.29022217,-0.89019775,1.046875,-0.640625,1.015625
564,-0.011474609,0.29974365,-0.8845825,0.625,0.03125,1.046875
565,-0.0126953125,0.3036499,-0.8880005,-0.109375,0.75,1.5625
566,-0.014892578,0.3007202,-0.9014282,-0.1875,1.25,1.25
567,-0.018554688,0.29779053,-0.8928833,0.046875,0.265625,1.15625
568,-0.018066406,0.30169678,-0.89141846,-0.328125,1.109375,1.109375
569,-0.021240234,0.2987671,-0.89727783,-0.03125,1.4375,1.171875
570,-0.020507812,0.29779053,-0.89971924,1.078125,-0.375,1.109375
571,-0.01977539,0.29925537,-0.89923096,1.609375,-1.125,1.0
572,-0.016601562,0.30169678,-0.88726807,2.65625,-2.03125,0.953125
573,-0.020263672,0.31219482,-0.9092407,4.203125,-2.9375,0.796875
574,-0.0075683594,0.31854248,-0.9397583,16.140625,-11.34375,-0.75
575,0.037109375,0.34906006,-0.85406494,25.421875,-11.625,-2.078125
576,0.015380859,0.35809326,-0.84747314,4.953125,-6.375,-0.734375
577,0.022949219,0.3678589,-0.8374634,-0.984375,0.71875,0.828125
578,0.020019531,0.3522339,-0.8599243,-4.25,5.296875,1.46875
579,0.019042969,0.36590576,-0.8911743,-3.546875,3.484375,1.515625
580,0.016357422,0.3619995,-0.8855591,3.296875,-2.453125,0.953125
581,0.02319336,0.36761475,-0.9067993,9.78125,-6.828125,0.484375
582,0.037109375,0.39520264,-0.8687134,23.84375,-9.765625,-1.34375
583,0.036376953,0.40716553,-0.8123169,6.15625,-3.6875,-0.640625
584,0.043945312,0.41448975,-0.84869385,-1.390625,-0.875,-0.875
585,0.045410156,0.3883667,-0.8389282,-2.5,2.125,0.40625
586,0.03930664,0.4105835,-0.90875244,-3.90625,-0.25,0.28125
587,0.05517578,0.40447998,-0.87213135,5.78125,-7.59375,-1.203125
588,0.06323242,0.39788818,-0.83380127,5.515625,-2.546875,-0.296875
589,0.053466797,0.39666748,-0.81817627,-0.375,4.296875,1.03125
590,0.0390625,0.4064331,-0.87091064,-5.96875,10.265625,1.5625
591,0.03149414,0.3912964,-0.86798096,-0.40625,3.21875,2.015625
592,0.037353516,0.40740967,-0.8460083,-2.421875,2.078125,2.53125
593,0.02319336,0.3944702,-0.87091064,-2.125,0.78125,2.640625
594,0.030761719,0.4076538,-0.86016846,2.140625,-0.796875,2.796875
595,0.0234375,0.4159546,-0.85772705,6.90625,-1.734375,3.1875
596,0.021240234,0.4064331,-0.8748169,8.203125,-2.703125,4.421875
597,0.0031738281,0.40374756,-0.84698486,10.3125,-5.796875,1.359375
598,0.045898438,0.43133545,-0.8274536,7.15625,-1.90625,0.4375
599,0.042236328,0.4298706,-0.78863525,-1.40625,0.203125,1.28125
600,0.039794922,0.43060303,-0.8491821,-5.609375,3.921875,1.859375
601,0.025146484,0.4249878,-0.85162354,-4.84375,3.453125,2.078125
602,0.025390625,0.41912842,-0.86016846,-2.046875,0.34375,2.140625
603,0.013427734,0.4130249,-0.850647,-1.203125,0.28125,2.4375
604,0.01586914,0.4159546,-0.84332275,-1.125,0.734375,2.3125
605,0.012207031,0.41693115,-0.86138916,-1.28125,0.390625,1.546875
606,0.01953125,0.41082764,-0.8550415,-0.5625,-0.234375,0.765625
607,0.020507812,0.40594482,-0.8609009,0.234375,-1.421875,0.640625
608,0.017089844,0.40911865,-0.8530884,-0.625,-0.734375,1.015625
609,0.021484375,0.4052124,-0.8609009,-0.1875,0.234375,1.390625
610,0.016845703,0.40057373,-0.85357666,0.828125,0.34375,1.375
611,0.024658203,0.40618896,-0.8413696,0.203125,1.484375,1.546875
612,0.0087890625,0.40423584,-0.84991455,-3.65625,5.015625,2.046875
613,0.009277344,0.39691162,-0.8518677,-5.421875,4.546875,2.546875
614,0.006591797,0.39837646,-0.88360596,-3.859375,1.109375,1.859375
615,-0.0007324219,0.3973999,-0.8545532,1.21875,-1.1875,2.203125
616,-0.0036621094,0.39007568,-0.866272,-0.328125,-2.5,2.078125
617,0.001953125,0.3932495,-0.8508911,-0.28125,-4.390625,1.515625
618,0.0,0.38763428,-0.86553955,-2.65625,-2.609375,0.9375
619,0.008300781,0.38763428,-0.8569946,-1.203125,-1.4375,-0.078125
620,0.018066406,0.37615967,-0.85943604,-2.109375,-1.265625,-0.9375
621,0.009033203,0.37347412,-0.8635864,-1.125,-0.921875,-1.1875
622,0.020507812,0.37078857,-0.85943604,-0.90625,1.0625,-1.25
623,0.021484375,0.37322998,-0.8674927,-1.359375,1.71875,-1.28125
624,0.018066406,0.3776245,-0.86431885,-0.59375,2.34375,-1.140625
625,0.0126953125,0.37591553,-0.86676025,-0.015625,2.90625,-1.15625
626,0.0053710938,0.37200928,-0.8665161,0.734375,2.28125,-1.34375
627,0.009033203,0.37786865,-0.8640747,-0.640625,2.828125,-1.1875
628,0.005859375,0.36688232,-0.8723755,-1.03125,2.359375,-1.0
629,-0.0007324219,0.3710327,-0.8652954,-1.796875,2.4375,-0.453125
630,0.0021972656,0.3710327,-0.8713989,-1.515625,1.375,0.0
631,-0.0024414062,0.35980225,-0.8731079,-2.015625,1.15625,1.0625
632,-0.0075683594,0.36712646,-0.8753052,-2.015625,1.328125,2.234375
633,-0.009277344,0.36639404,-0.87701416,-0.96875,-0.125,1.890625
634,-0.0063476562,0.355896,-0.8740845,0.140625,0.03125,0.8125
635,0.0,0.3554077,-0.8740845,0.359375,0.25,0.6875
636,-0.013183594,0.35565186,-0.87384033,-0.1875,0.59375,1.171875
637,-0.005859375,0.35809326,-0.8789673,0.453125,-0.421875,1.640625
638,-0.004638672,0.35443115,-0.87457275,0.890625,-0.734375,1.703125
639,-0.008300781,0.35809326,-0.8821411,1.875,-0.734375,1.8125
640,-0.005126953,0.3619995,-0.87335205,1.3125,-0.71875,1.65625
641,-0.016113281,0.36834717,-0.8753052,2.4375,-0.703125,1.84375
642,-0.0078125,0.37322998,-0.8652954,1.6875,-0.6875,1.40625
643,0.00048828125,0.3661499,-0.86798096,-0.21875,-0.09375,0.96875
644,-0.007080078,0.36468506,-0.86968994,-0.625,0.328125,1.109375
645,-0.015380859,0.36395264,-0.88604736,-0.125,-0.671875,0.71875
646,-0.0041503906,0.3793335,-0.90045166,4.609375,-5.109375,-0.09375
647,0.016845703,0.36956787,-0.84259033,10.84375,-4.046875,0.171875
648,0.0009765625,0.37957764,-0.8557739,1.015625,-0.859375,-0.40625
649,0.011962891,0.38812256,-0.85235596,0.015625,1.609375,-0.328125
650,0.0,0.38568115,-0.8755493,-0.171875,0.6875,-0.296875
651,0.0036621094,0.3859253,-0.866272,1.46875,-0.078125,-0.34375
652,0.0026855469,0.39349365,-0.8633423,2.078125,0.375,-0.03125
653,0.00024414062,0.3949585,-0.8569946,0.875,0.578125,-0.0625
654,0.004638672,0.387146,-0.861145,-1.328125,0.890625,0.015625
655,0.004638672,0.38616943,-0.8674927,-0.703125,0.3125,0.109375
656,0.0014648438,0.38275146,-0.8701782,0.90625,-1.359375,0.234375
657,-0.0146484375,0.39715576,-0.9312134,13.109375,-8.625,-1.140625
658,0.009765625,0.40667725,-0.8562622,30.828125,-11.1875,-2.875
659,0.048095703,0.44769287,-0.77301025,4.984375,-5.53125,-1.265625
660,0.05078125,0.42108154,-0.79937744,-3.546875,4.125,0.28125
661,0.025878906,0.44158936,-0.8543091,-2.03125,0.28125,1.671875
662,0.023925781,0.4472046,-0.86920166,-3.359375,0.109375,2.1875
663,0.024658203,0.43597412,-0.8777466,9.6875,-13.046875,-1.140625
664,0.052734375,0.4406128,-0.80059814,-0.359375,-15.046875,-1.3125
665,0.08520508,0.43548584,-0.83306885,-2.6875,0.03125,-0.078125
666,0.08544922,0.43548584,-0.8401489,-4.65625,-10.90625,1.28125
667,0.091796875,0.43621826,-0.833313,-1.453125,-2.546875,3.171875
668,0.09326172,0.43475342,-0.87750244,5.1875,-7.203125,1.46875
669,0.08203125,0.44354248,-0.79644775,6.484375,-5.40625,1.3125
670,0.07788086,0.43914795,-0.77911377,3.96875,-3.9375,0.765625
671,0.103515625,0.45013428,-0.8179321,-7.0625,6.796875,2.25
672,0.0949707,0.4393921,-0.8357544,-2.953125,1.609375,2.0
673,0.088378906,0.45721436,-0.8418579,-6.015625,4.0,2.3125
674,0.08203125,0.43328857,-0.8755493,1.125,1.078125,0.796875
675,0.08984375,0.44622803,-0.8460083,3.1875,0.34375,0.859375
676,0.08154297,0.434021,-0.80792236,3.375,-0.140625,0.78125
677,0.08642578,0.43792725,-0.8357544,-3.75,2.609375,0.5
678,0.08642578,0.42767334,-0.82525635,-2.015625,1.390625,0.875
679,0.0715332,0.4389038,-0.8501587,-2.078125,2.84375,1.328125
680,0.07080078,0.43182373,-0.82818604,2.375,1.625,0.453125
681,0.0690918,0.43597412,-0.83673096,1.78125,-1.109375,0.703125
682,0.06762695,0.4196167,-0.8272095,-1.1875,1.109375,0.78125
683,0.064697266,0.42034912,-0.8362427,-1.953125,3.4375,1.296875
684,0.06225586,0.43450928,-0.8567505,-1.171875,2.875,1.515625
685,0.060546875,0.43011475,-0.82696533,2.765625,-1.296875,-0.125
686,0.063964844,0.43963623,-0.8484497,4.578125,-1.578125,0.171875
687,0.064453125,0.4328003,-0.8196411,1.953125,-0.171875,0.453125
688,0.060546875,0.42156982,-0.8049927,-5.484375,3.203125,0.875
689,0.0637207,0.41912842,-0.80548096,-16.0,11.15625,2.875
690,0.03955078,0.39837646,-0.84576416,-23.453125,11.71875,2.34375
691,0.022949219,0.38006592,-0.8833618,-20.296875,14.25,3.765625
692,0.005859375,0.32904053,-0.880188,-18.25,9.234375,2.75
693,-0.013671875,0.32244873,-0.90216064,-6.96875,3.328125,1.828125
694,-0.0026855469,0.33319092,-0.90582275,0.75,1.1875,2.375
695,-0.0063476562,0.3307495,-0.89801025,2.90625,-2.5625,2.5625
696,-0.0073242188,0.3300171,-0.8821411,4.03125,-2.921875,2.59375
697,-0.0056152344,0.3319702,-0.8765259,2.84375,-2.0625,2.328125
698,-0.009521484,0.3361206,-0.89068604,1.734375,-2.0625,1.84375
699,-0.005126953,0.32855225,-0.8982544,7.109375,-4.9375,-0.03125
700,-0.004638672,0.34979248,-0.9077759,15.890625,-7.25,-0.65625
701,0.01928711,0.37664795,-0.8467407,20.515625,-5.859375,-1.5625
702,0.022949219,0.3998413,-0.82891846,8.90625,-2.625,-0.875
703,0.026123047,0.3949585,-0.8328247,-0.3125,0.125,-0.328125
704,0.03466797,0.40179443,-0.84991455,-4.234375,3.140625,0.28125
705,0.025390625,0.39593506,-0.8555298,-3.90625,2.078125,0.484375
706,0.020751953,0.38787842,-0.86553955,-2.453125,2.40625,0.234375
707,0.016601562,0.38861084,-0.85528564,0.171875,1.15625,0.515625
708,0.013671875,0.38519287,-0.86505127,-0.15625,0.65625,0.5
709,0.011230469,0.3932495,-0.87677,1.859375,-1.640625,0.25
710,0.01953125,0.40057373,-0.87457275,7.796875,-4.203125,0.5625
711,0.025390625,0.40252686,-0.8538208,11.8125,-4.90625,1.0625
712,0.041748047,0.41864014,-0.8381958,8.65625,-3.890625,1.34375
713,0.03540039,0.42523193,-0.8279419,3.296875,-1.21875,2.53125
714,0.03173828,0.42547607,-0.8518677,2.390625,-1.34375,3.4375
715,0.039794922,0.43548584,-0.8538208,4.53125,-2.40625,3.078125
716,0.03540039,0.43695068,-0.8452759,4.9375,-4.15625,1.71875
717,0.033935547,0.44036865,-0.83380127,5.328125,-3.640625,1.296875
718,0.03881836,0.44940186,-0.8179321,3.984375,-4.46875,0.71875
719,0.049560547,0.44403076,-0.81500244,3.15625,-2.40625,0.703125
720,0.053710938,0.46844482,-0.86676025,5.359375,-2.59375,1.09375
721,0.048339844,0.46502686,-0.82525635,10.234375,3.28125,0.15625
722,0.06616211,0.46795654,-0.78619385,3.109375,1.296875,0.46875
723,0.056884766,0.49505615,-0.831604,6.9375,1.546875,2.40625
724,0.036132812,0.48724365,-0.8152466,5.875,2.609375,1.765625
725,0.036865234,0.47503662,-0.7827759,1.03125,0.984375,0.515625
726,0.04345703,0.47503662,-0.7930298,-2.84375,3.578125,0.59375
727,0.03491211,0.4730835,-0.8152466,-5.6875,3.984375,1.875
728,0.025390625,0.4725952,-0.819397,-6.296875,5.53125,2.03125
729,0.008056641,0.4713745,-0.84210205,-5.65625,5.21875,0.390625
730,0.012451172,0.46038818,-0.8303833,-4.171875,3.9375,-1.21875
731,0.006591797,0.44866943,-0.82037354,-4.9375,5.0,-1.671875
732,0.00024414062,0.44476318,-0.8255005,-7.359375,6.375,-3.125
733,0.0073242188,0.43963623,-0.8389282,-8.59375,6.8125,-2.921875
734,-0.011962891,0.42596436,-0.8543091,-8.828125,6.75,-2.921875
735,-0.018066406,0.40667725,-0.8567505,-6.640625,5.671875,-3.703125
736,-0.022705078,0.41156006,-0.8657837,-2.71875,3.765625,-3.3125
737,-0.021484375,0.4039917,-0.8599243,-2.140625,3.25,-2.640625
738,-0.021484375,0.40667725,-0.8562622,-0.984375,2.578125,-2.03125
739,-0.01977539,0.40350342,-0.86065674,-0.859375,2.140625,-1.296875
740,-0.012207031,0.39788818,-0.86138916,-0.015625,1.0625,-0.28125
741,-0.025878906,0.40618896,-0.86309814,1.078125,-0.078125,0.71875
742,-0.020019531,0.39764404,-0.8550415,2.109375,-0.90625,1.421875
743,-0.017333984,0.4015503,-0.8530884,2.515625,-1.84375,2.828125
744,-0.025146484,0.4022827,-0.850647,0.0,-1.8125,3.515625
745,-0.020996094,0.40423584,-0.8460083,-0.59375,-1.40625,4.1875
746,-0.027832031,0.39666748,-0.8460083,-2.40625,-0.75,4.578125
747,-0.029785156,0.3932495,-0.8479614,-5.375,-0.953125,4.984375
748,-0.017578125,0.38397217,-0.86138916,-15.03125,-1.671875,5.125
749,-0.026367188,0.36883545,-0.8623657,-15.640625,-2.296875,5.53125
750,-0.041748047,0.3505249,-0.90338135,-9.453125,-0.296875,4.59375
751,-0.02734375,0.338562,-0.8792114,1.171875,-1.625,3.875
752,-0.022949219,0.34783936,-0.87994385,0.9375,-1.8125,3.5625
753,-0.028320312,0.33563232,-0.8833618,0.765625,-1.421875,2.8125
754,-0.020507812,0.3463745,-0.8814087,1.171875,-1.03125,2.09375
755,-0.022216797,0.34295654,-0.878479,2.015625,-1.59375,2.40625
756,-0.01953125,0.34344482,-0.88067627,1.9375,-1.921875,3.265625
757,-0.025634766,0.34906006,-0.87628174,1.359375,-1.84375,3.71875
758,-0.02758789,0.35198975,-0.8789673,0.15625,-0.8125,2.96875
759,-0.02368164,0.34783936,-0.8723755,-0.484375,0.046875,1.9375
760,-0.030517578,0.34881592,-0.87457275,-0.921875,0.578125,0.96875
761,-0.024414062,0.3534546,-0.8821411,-1.140625,0.78125,0.953125
762,-0.027832031,0.34954834,-0.87994385,-1.234375,0.953125,0.671875
763,-0.033447266,0.34417725,-0.87945557,-1.359375,1.140625,0.359375
764,-0.022949219,0.33319092,-0.87994385,-0.484375,0.46875,-0.125
765,-0.03515625,0.3427124,-0.88653564,0.40625,0.46875,-0.171875
766,-0.028076172,0.34320068,-0.87994385,0.65625,0.359375,-0.265625
767,-0.030029297,0.33831787,-0.87384033,0.8125,0.265625,-0.234375
768,-0.028076172,0.34197998,-0.87335205,1.0625,0.203125,-0.25
769,-0.032226562,0.34051514,-0.87506104,1.4375,0.671875,-0.296875
770,-0.026367188,0.355896,-0.89971924,6.734375,-3.1875,-1.1875
771,-0.014892578,0.35565186,-0.8521118,10.875,-1.78125,-1.546875
772,-0.025634766,0.35247803,-0.8670044,2.625,-1.078125,-0.515625
773,-0.012451172,0.36932373,-0.87213135,1.84375,-0.109375,-0.171875
774,-0.0234375,0.38079834,-0.9011841,9.6875,-5.03125,-0.265625
