sample_no,accel_x,accel_y,accel_z,gyro_x,gyro_y,gyro_z
0,-0.49438477,-0.71173096,0.59539795,-0.03125,-0.453125,-1.0
1,-0.47436523,-0.67144775,0.5560913,-1.765625,-1.140625,-0.078125
2,-0.45825195,-0.67559814,0.5519409,-0.296875,-2.53125,1.0
3,-0.47558594,-0.70196533,0.5741577,-1.59375,-2.8125,0.296875
4,-0.48046875,-0.69854736,0.57733154,-3.21875,-1.15625,-0.890625
5,-0.47607422,-0.66241455,0.5770874,-3.375,0.609375,-0.828125
6,-0.47924805,-0.6682739,0.5741577,-1.296875,-0.046875,0.53125
7,-0.47460938,-0.69122314,0.5831909,0.453125,-0.59375,1.15625
8,-0.4699707,-0.6765747,0.60198975,-0.328125,0.453125,-0.015625
9,-0.4724121,-0.690979,0.5643921,-1.6875,0.34375,-0.015625
10,-0.46557617,-0.67559814,0.5685425,-1.734375,0.546875,-1.234375
11,-0.4736328,-0.6860962,0.58636475,-0.015625,1.078125,0.03125
12,-0.47583008,-0.67803955,0.58636475,-0.421875,1.671875,-0.3125
13,-0.47827148,-0.6682739,0.5878296,-0.28125,0.5,-0.546875
14,-0.4831543,-0.6651001,0.5939331,0.25,0.875,-0.375
15,-0.4741211,-0.6721802,0.5939331,1.125,0.25,-0.3125
16,-0.47802734,-0.68292236,0.5946655,0.234375,0.5625,-0.21875
17,-0.47192383,-0.67755127,0.59173584,0.828125,0.328125,-0.046875
18,-0.47924805,-0.6777954,0.5883179,0.484375,-0.015625,0.03125
19,-0.4736328,-0.67681885,0.58587646,0.171875,-0.125,-0.265625
20,-0.47338867,-0.675354,0.5829468,-0.953125,0.5,-0.21875
21,-0.4777832,-0.673645,0.58465576,-0.75,-0.203125,-0.125
22,-0.4777832,-0.6734009,0.5934448,-0.921875,-0.40625,-0.015625
23,-0.48095703,-0.6724243,0.5883179,-0.46875,-0.15625,0.140625
24,-0.47338867,-0.66485596,0.57318115,1.5625,-0.03125,0.1875
25,-0.47631836,-0.67388916,0.5848999,0.96875,-0.53125,0.65625
26,-0.47631836,-0.6716919,0.60369873,1.109375,0.828125,0.5625
27,-0.4675293,-0.6729126,0.57611084,-1.640625,0.0,-0.875
28,-0.47998047,-0.6646118,0.60272217,1.375,0.734375,0.03125
29,-0.4741211,-0.673645,0.58514404,-0.03125,-0.171875,0.65625
30,-0.47021484,-0.6646118,0.58880615,-0.625,-0.078125,0.1875
31,-0.47216797,-0.6760864,0.59490967,-1.859375,-0.171875,-0.046875
32,-0.46972656,-0.67315674,0.5853882,-0.515625,-1.171875,0.328125
33,-0.46484375,-0.6724243,0.5824585,1.015625,-1.765625,0.5625
34,-0.46972656,-0.6699829,0.5856323,0.09375,-0.921875,-0.046875
35,-0.4736328,-0.67437744,0.5775757,0.421875,-0.921875,-0.640625
36,-0.48461914,-0.6704712,0.58465576,0.390625,-0.109375,-0.46875
37,-0.47875977,-0.6721802,0.59051514,0.0,-0.15625,-0.359375
38,-0.48388672,-0.6741333,0.5890503,-1.4375,0.234375,0.203125
39,-0.48388672,-0.66363525,0.58465576,0.828125,-0.4375,0.03125
40,-0.47851562,-0.66729736,0.58807373,0.609375,0.484375,-0.359375
41,-0.4777832,-0.66192627,0.59490967,0.828125,-0.359375,-0.40625
42,-0.4819336,-0.66973877,0.5817261,0.0625,-0.515625,-0.1875
43,-0.47729492,-0.6777954,0.5787964,-0.25,-0.1875,-0.3125
44,-0.47583008,-0.6746216,0.5758667,-1.21875,-0.734375,-1.8125
45,-0.48364258,-0.66534424,0.60614014,-0.125,-0.453125,-0.8125
46,-0.48510742,-0.66851807,0.5890503,-0.078125,-0.8125,0.296875
47,-0.48950195,-0.6560669,0.5961304,-0.234375,-0.46875,-0.671875
48,-0.48999023,-0.6585083,0.59906006,-0.421875,-0.71875,-1.296875
49,-0.49169922,-0.6553345,0.586853,-0.140625,-0.234375,-0.46875
50,-0.4873047,-0.65704346,0.59661865,-0.609375,0.203125,-0.890625
51,-0.48339844,-0.6633911,0.59539795,-0.828125,0.375,-0.390625
52,-0.484375,-0.66607666,0.58929443,0.109375,0.21875,-0.578125
53,-0.49072266,-0.6646118,0.6039429,0.515625,0.59375,-0.390625
54,-0.4814453,-0.66363525,0.5897827,0.4375,0.125,-0.265625
55,-0.49072266,-0.6609497,0.59368896,0.65625,0.140625,-0.0625
56,-0.49365234,-0.67022705,0.59906006,0.03125,1.046875,0.03125
57,-0.49414062,-0.6560669,0.60028076,-0.1875,0.796875,0.1875
58,-0.48876953,-0.6680298,0.58514404,-1.390625,0.0,-0.0625
59,-0.48999023,-0.6477661,0.6078491,0.640625,0.71875,-0.28125
60,-0.4794922,-0.6663208,0.58343506,-0.875,0.1875,-0.59375
61,-0.4807129,-0.6553345,0.6005249,0.71875,1.078125,-0.265625
62,-0.49023438,-0.6680298,0.60565186,0.8125,0.4375,0.5625
63,-0.47753906,-0.66241455,0.5956421,1.453125,0.421875,0.3125
64,-0.47314453,-0.66412354,0.5961304,0.875,0.3125,0.140625
65,-0.4819336,-0.661438,0.59246826,0.765625,0.28125,-0.09375
66,-0.49267578,-0.65753174,0.59539795,-0.390625,0.09375,-0.453125
67,-0.49243164,-0.6536255,0.5988159,0.015625,0.15625,0.109375
68,-0.48779297,-0.66412354,0.6000366,0.21875,0.15625,0.59375
69,-0.48486328,-0.6643677,0.5975952,0.125,0.25,0.03125
70,-0.47827148,-0.6489868,0.5985718,0.609375,1.421875,-0.578125
71,-0.4909668,-0.66241455,0.5973511,0.890625,0.046875,1.09375
72,-0.4814453,-0.66900635,0.60198975,1.90625,0.375,0.234375
73,-0.48999023,-0.65704346,0.6132202,1.65625,0.171875,-0.25
74,-0.47387695,-0.6729126,0.57611084,0.484375,-0.546875,0.15625
75,-0.47387695,-0.6536255,0.6017456,1.46875,1.171875,-0.21875
76,-0.4699707,-0.661438,0.5856323,-1.09375,1.234375,-1.328125
77,-0.4873047,-0.66119385,0.60198975,0.90625,0.984375,0.40625
78,-0.48950195,-0.67559814,0.6010132,-0.125,0.578125,0.203125
79,-0.48388672,-0.6445923,0.5927124,-1.234375,0.453125,-0.53125
80,-0.48950195,-0.6616821,0.60565186,0.015625,0.40625,-0.09375
81,-0.4741211,-0.66290283,0.59173584,0.078125,0.015625,0.265625
82,-0.4794922,-0.6633911,0.5997925,-0.71875,-0.5625,0.109375
83,-0.47827148,-0.65948486,0.5922241,-0.640625,-0.671875,0.046875
84,-0.47387695,-0.65826416,0.6017456,-0.578125,-1.15625,0.265625
85,-0.4777832,-0.64630127,0.5944214,-0.609375,-0.90625,0.390625
86,-0.47729492,-0.65631104,0.5914917,-0.921875,-0.6875,0.1875
87,-0.4741211,-0.6675415,0.59783936,-0.0625,-0.28125,-0.46875
88,-0.4855957,-0.66607666,0.6066284,0.234375,0.015625,-0.390625
89,-0.4934082,-0.6687622,0.5939331,-0.6875,0.15625,0.1875
90,-0.47460938,-0.6460571,0.62493896,2.859375,0.15625,0.171875
91,-0.47827148,-0.6651001,0.5765991,-1.28125,0.703125,-0.53125
92,-0.4736328,-0.6526489,0.5932007,0.515625,-0.109375,-0.9375
93,-0.4777832,-0.6592407,0.6034546,2.328125,0.34375,0.078125
94,-0.4814453,-0.66119385,0.5988159,1.546875,1.6875,0.125
95,-0.48901367,-0.6651001,0.5997925,1.78125,3.328125,0.5
96,-0.48828125,-0.6692505,0.6029663,3.3125,2.234375,2.828125
97,-0.47851562,-0.6799927,0.5985718,3.609375,0.765625,2.328125
98,-0.46484375,-0.673645,0.5856323,1.640625,0.5625,0.59375
99,-0.45825195,-0.66119385,0.58587646,0.5625,1.28125,0.671875
100,-0.46972656,-0.673645,0.59173584,0.859375,-0.140625,0.25
101,-0.47387695,-0.68218994,0.5963745,0.046875,-0.84375,-0.359375
102,-0.46777344,-0.67852783,0.5951538,-0.21875,-0.09375,-0.078125
103,-0.4597168,-0.67559814,0.59051514,0.21875,0.484375,0.40625
104,-0.46679688,-0.66607666,0.6054077,2.0625,-0.578125,0.375
105,-0.46435547,-0.68170166,0.5841675,-0.578125,-0.71875,-0.5625
106,-0.46875,-0.6878052,0.58392334,0.03125,-0.140625,-0.328125
107,-0.4699707,-0.6748657,0.5790405,-1.15625,-1.234375,-1.59375
108,-0.47021484,-0.6670532,0.59198,0.546875,-0.5625,-1.171875
109,-0.4819336,-0.6709595,0.5897827,-0.578125,0.09375,-0.59375
110,-0.47729492,-0.66973877,0.58929443,0.28125,0.65625,-0.609375
111,-0.47875977,-0.66607666,0.5956421,1.0,0.78125,-0.546875
112,-0.47607422,-0.6765747,0.59198,1.296875,1.140625,0.609375
113,-0.47680664,-0.67071533,0.5866089,0.71875,0.65625,0.375
114,-0.47436523,-0.6712036,0.5939331,0.953125,0.3125,0.1875
115,-0.47802734,-0.6699829,0.58465576,0.515625,-0.1875,-0.09375
116,-0.4699707,-0.6746216,0.58758545,0.578125,0.03125,-0.09375
117,-0.47509766,-0.67193604,0.59002686,0.515625,-0.015625,-0.046875
118,-0.47680664,-0.675354,0.590271,0.421875,-0.109375,-0.140625
119,-0.47045898,-0.6716919,0.5927124,0.328125,-0.140625,0.125
120,-0.47680664,-0.68756104,0.5831909,0.171875,-0.125,0.21875
121,-0.47387695,-0.65997314,0.6088257,1.515625,-0.484375,-0.765625
122,-0.4831543,-0.68218994,0.5734253,-1.546875,-0.40625,-0.5625
123,-0.47998047,-0.6577759,0.57684326,-0.640625,0.0,-0.921875
124,-0.48095703,-0.6704712,0.5897827,0.1875,0.359375,0.03125
125,-0.4794922,-0.6777954,0.5985718,-0.21875,0.703125,-0.1875
126,-0.47583008,-0.677063,0.5907593,-0.484375,0.4375,-0.453125
127,-0.4814453,-0.6694946,0.5973511,0.359375,0.765625,0.375
128,-0.4819336,-0.6670532,0.6022339,0.109375,0.03125,0.4375
129,-0.4765625,-0.6658325,0.6010132,-0.484375,0.3125,-0.09375
130,-0.47338867,-0.661438,0.59661865,0.03125,-0.15625,-0.03125
131,-0.47485352,-0.6663208,0.59954834,-0.234375,0.234375,-0.078125
132,-0.47583008,-0.67071533,0.60150146,-1.125,0.40625,-0.078125
133,-0.48095703,-0.6626587,0.5914917,-1.53125,0.234375,-0.328125
134,-0.4831543,-0.659729,0.5963745,0.515625,0.484375,0.515625
135,-0.47607422,-0.66485596,0.5980835,0.6875,0.96875,1.125
136,-0.47485352,-0.6687622,0.5961304,0.40625,0.671875,-0.125
137,-0.48095703,-0.66363525,0.5890503,-0.765625,0.171875,0.234375
138,-0.4711914,-0.65875244,0.60809326,2.578125,0.0625,0.34375
139,-0.4716797,-0.67803955,0.57977295,-2.734375,-0.34375,-1.03125
140,-0.47192383,-0.65338135,0.6071167,0.0625,-0.6875,-0.71875
141,-0.47583008,-0.6680298,0.6000366,-1.546875,-0.21875,-0.203125
142,-0.4819336,-0.6560669,0.58465576,-5.0625,0.359375,-1.109375
143,-0.4753418,-0.64068604,0.59906006,-4.609375,0.09375,-1.078125
144,-0.46826172,-0.6511841,0.6046753,-0.21875,0.515625,-0.15625
145,-0.48046875,-0.6663208,0.60565186,-0.84375,0.515625,-0.390625
146,-0.4699707,-0.6548462,0.6161499,-0.546875,0.9375,-0.875
147,-0.4580078,-0.6482544,0.6132202,3.046875,0.515625,-0.421875
148,-0.47021484,-0.65045166,0.61346436,4.828125,-0.671875,0.03125
149,-0.4699707,-0.65582275,0.6039429,6.171875,-1.109375,-0.109375
150,-0.4868164,-0.6704712,0.5856323,3.359375,-1.328125,-0.09375
151,-0.4946289,-0.6675415,0.586853,1.15625,-0.703125,-0.046875
152,-0.48461914,-0.67266846,0.59368896,0.90625,0.109375,-0.390625
153,-0.48486328,-0.65826416,0.586853,0.75,-0.078125,-0.75
154,-0.49560547,-0.663147,0.5907593,1.4375,-1.5625,-0.984375
155,-0.49487305,-0.6651001,0.6095581,1.90625,-0.53125,-0.53125
156,-0.4897461,-0.6831665,0.58270264,-3.3125,0.171875,-1.109375
157,-0.47631836,-0.6567993,0.5968628,-0.484375,1.59375,-0.734375
158,-0.46606445,-0.6643677,0.5973511,1.0,0.796875,0.46875
159,-0.4711914,-0.66290283,0.60369873,2.5625,1.015625,-0.453125
160,-0.48242188,-0.6670532,0.5973511,1.921875,0.390625,-1.03125
161,-0.4946289,-0.65997314,0.59417725,1.796875,0.359375,0.765625
162,-0.48754883,-0.6663208,0.59198,0.671875,-0.625,0.65625
163,-0.47314453,-0.6655884,0.5939331,1.65625,-0.578125,-0.5625
164,-0.48583984,-0.6694946,0.5907593,1.59375,-0.65625,-0.765625
165,-0.49365234,-0.6682739,0.5895386,0.421875,-0.859375,-0.765625
166,-0.50219727,-0.663147,0.57611084,-0.0625,-0.625,-0.34375
167,-0.4958496,-0.66900635,0.5770874,-0.28125,0.0625,-0.65625
168,-0.48876953,-0.663147,0.5819702,-0.59375,-0.1875,-0.40625
169,-0.4885254,-0.6646118,0.5836792,-0.515625,-0.21875,-0.46875
170,-0.5053711,-0.6760864,0.5853882,-1.078125,0.75,0.0
171,-0.48583984,-0.6592407,0.5968628,0.0,0.515625,0.28125
172,-0.4790039,-0.659729,0.5914917,-1.15625,0.09375,0.53125
173,-0.48632812,-0.66363525,0.59588623,0.34375,0.328125,0.5625
174,-0.48120117,-0.6765747,0.57489014,-2.34375,0.78125,-0.34375
175,-0.47998047,-0.64849854,0.6017456,-1.34375,0.96875,-0.1875
176,-0.50341797,-0.6543579,0.59246826,-1.953125,1.625,-0.03125
177,-0.48364258,-0.6553345,0.59954834,0.015625,1.640625,0.125
178,-0.49047852,-0.6621704,0.60150146,-1.015625,1.546875,-0.015625
179,-0.4741211,-0.6482544,0.60931396,-0.03125,1.28125,0.328125
180,-0.48828125,-0.6555786,0.6095581,1.078125,-0.34375,1.046875
181,-0.49047852,-0.6687622,0.6124878,-0.71875,0.8125,0.875
182,-0.48291016,-0.66900635,0.6034546,-1.453125,0.703125,0.546875
183,-0.47460938,-0.6524048,0.6017456,-1.9375,1.234375,0.765625
184,-0.47875977,-0.66778564,0.6078491,-1.65625,0.6875,0.421875
185,-0.46606445,-0.6487427,0.6063843,-0.15625,0.5625,0.28125
186,-0.46875,-0.65093994,0.6154175,1.953125,-0.171875,0.265625
187,-0.47827148,-0.6633911,0.61590576,0.953125,-0.34375,0.4375
188,-0.46484375,-0.65216064,0.60369873,1.8125,-0.21875,0.53125
189,-0.4724121,-0.64971924,0.60687256,-0.21875,-0.828125,0.828125
190,-0.47387695,-0.66485596,0.6051636,-0.15625,-1.296875,1.234375
191,-0.47314453,-0.6565552,0.6141968,1.734375,-0.140625,0.65625
192,-0.47973633,-0.66119385,0.5895386,-2.28125,-0.078125,-1.09375
193,-0.47729492,-0.6489868,0.6132202,0.1875,-0.1875,-0.375
194,-0.4658203,-0.6555786,0.60614014,0.125,0.0625,0.453125
195,-0.47998047,-0.6331177,0.604187,-1.234375,0.03125,-0.21875
196,-0.47680664,-0.64630127,0.5980835,0.71875,-0.765625,0.03125
197,-0.4724121,-0.6646118,0.6100464,1.953125,-0.5625,0.3125
198,-0.47265625,-0.67633057,0.61590576,0.0,-0.015625,-0.03125
199,-0.4675293,-0.6553345,0.59588623,-0.53125,0.265625,-0.34375
200,-0.47216797,-0.65289307,0.605896,0.546875,-0.15625,0.09375
201,-0.48339844,-0.65093994,0.6051636,0.5,-0.578125,-0.359375
202,-0.47924805,-0.6506958,0.6046753,0.5,-0.5,-0.703125
203,-0.4802246,-0.6524048,0.605896,0.78125,-0.21875,-0.171875
204,-0.48999023,-0.6555786,0.60736084,1.296875,-0.40625,-0.359375
205,-0.48413086,-0.6592407,0.6034546,0.34375,0.25,0.09375
206,-0.48461914,-0.6553345,0.6034546,0.09375,0.234375,-0.34375
207,-0.48291016,-0.6460571,0.62127686,0.46875,-0.140625,-0.265625
208,-0.47827148,-0.65582275,0.59906006,-0.234375,-0.234375,-0.1875
209,-0.47802734,-0.66290283,0.59783936,0.6875,0.296875,-0.21875
210,-0.47705078,-0.65802,0.59246826,-1.140625,-0.703125,-1.3125
211,-0.47851562,-0.65045166,0.61151123,0.09375,-0.046875,-0.390625
212,-0.48510742,-0.65753174,0.6010132,-0.4375,-0.171875,0.109375
213,-0.4802246,-0.65582275,0.60980225,-0.078125,-0.140625,-0.21875
214,-0.4814453,-0.6514282,0.602478,-0.828125,-0.578125,-1.0625
215,-0.48706055,-0.64971924,0.60198975,0.609375,-0.53125,-0.0625
216,-0.48950195,-0.65509033,0.6034546,0.0,-0.125,-0.140625
217,-0.4897461,-0.6502075,0.60198975,-0.375,0.484375,-0.359375
218,-0.48950195,-0.6524048,0.5963745,-0.21875,0.6875,0.1875
219,-0.48266602,-0.65045166,0.60931396,0.265625,0.546875,-0.140625
220,-0.48168945,-0.65167236,0.61273193,0.3125,0.1875,-0.28125
221,-0.48706055,-0.64434814,0.6107788,0.453125,0.140625,-0.421875
222,-0.49145508,-0.65460205,0.6095581,0.328125,0.046875,-0.140625
223,-0.4885254,-0.65338135,0.60858154,-0.0625,0.171875,0.03125
224,-0.4807129,-0.64801025,0.60687256,-0.03125,0.375,-0.1875
225,-0.48242188,-0.65582275,0.604187,0.375,-0.125,0.09375
226,-0.47973633,-0.6433716,0.62249756,1.75,0.359375,-0.265625
227,-0.49121094,-0.6724243,0.60198975,-1.15625,0.953125,-0.28125
228,-0.4885254,-0.6397095,0.60491943,-0.296875,0.625,-0.71875
229,-0.4880371,-0.65167236,0.62176514,0.921875,0.5,0.625
230,-0.49194336,-0.6577759,0.6012573,-0.5,0.640625,0.265625
231,-0.48583984,-0.64312744,0.6017456,-0.796875,-0.671875,-0.4375
232,-0.47851562,-0.6538696,0.60931396,0.03125,0.078125,-0.265625
233,-0.48657227,-0.64849854,0.60809326,-0.40625,-0.203125,-0.265625
234,-0.48754883,-0.6477661,0.61053467,-0.703125,0.640625,0.015625
235,-0.48632812,-0.64630127,0.6117554,0.1875,0.5625,0.765625
236,-0.47998047,-0.64434814,0.60687256,0.546875,0.65625,0.46875
237,-0.48217773,-0.6519165,0.6046753,-0.125,-0.265625,0.0
238,-0.48413086,-0.65093994,0.60809326,0.125,-0.5,-0.09375
239,-0.48339844,-0.6511841,0.6022339,0.515625,-0.96875,0.453125
240,-0.48242188,-0.64508057,0.6046753,1.234375,-0.96875,0.453125
241,-0.4794922,-0.65509033,0.6046753,0.53125,-0.53125,0.046875
242,-0.48413086,-0.6511841,0.59710693,-1.046875,0.90625,-0.28125
243,-0.47802734,-0.64385986,0.61346436,-1.234375,0.609375,0.296875
244,-0.4736328,-0.65631104,0.58270264,-7.21875,0.234375,-0.359375
245,-0.4814453,-0.63848877,0.61395264,-4.4375,-1.21875,-1.125
246,-0.48754883,-0.6387329,0.63397217,-1.46875,-1.171875,-0.21875
247,-0.49121094,-0.6387329,0.6234741,-0.78125,-0.984375,-0.828125
248,-0.49389648,-0.6445923,0.6222534,1.734375,-0.90625,-1.28125
249,-0.48242188,-0.6392212,0.633728,2.578125,-0.078125,0.03125
250,-0.47070312,-0.6387329,0.62176514,-0.109375,0.171875,1.4375
251,-0.48608398,-0.630188,0.61590576,0.828125,-0.234375,-0.046875
252,-0.49853516,-0.6460571,0.6325073,4.171875,0.40625,0.40625
253,-0.4970703,-0.64849854,0.6195679,2.78125,0.578125,0.296875
254,-0.49658203,-0.62579346,0.6046753,1.34375,0.234375,0.1875
255,-0.49536133,-0.64190674,0.602478,0.609375,1.0625,0.46875
256,-0.4987793,-0.64312744,0.6156616,-3.296875,1.515625,1.09375
257,-0.4814453,-0.63116455,0.6124878,-4.3125,1.265625,0.640625
258,-0.47998047,-0.644104,0.62493896,-0.515625,0.296875,0.109375
259,-0.4897461,-0.6638794,0.6168823,-1.15625,0.53125,0.09375
260,-0.48168945,-0.6436157,0.6325073,-0.328125,1.828125,0.078125
261,-0.47583008,-0.63531494,0.6088257,-5.265625,1.34375,-0.578125
262,-0.4814453,-0.6121216,0.6334839,-4.390625,1.5,0.5625
263,-0.46264648,-0.630188,0.65130615,-3.34375,1.453125,0.9375
264,-0.46142578,-0.62579346,0.64715576,-0.046875,0.421875,-0.375
265,-0.4675293,-0.6326294,0.6376343,1.0,-0.6875,-1.15625
266,-0.4716797,-0.6260376,0.63690186,2.15625,-0.5625,-0.21875
267,-0.47729492,-0.6309204,0.63397217,0.875,-0.53125,-0.5
268,-0.47436523,-0.6289673,0.6442261,1.234375,0.40625,-0.078125
269,-0.4814453,-0.6231079,0.6378784,0.15625,0.640625,-0.53125
270,-0.47143555,-0.62164307,0.63031006,-0.09375,1.09375,-1.21875
271,-0.4868164,-0.62457275,0.6325073,0.953125,0.96875,-1.703125
272,-0.49023438,-0.62164307,0.6351929,-0.078125,0.515625,-1.46875
273,-0.4802246,-0.6182251,0.64642334,1.984375,0.5,-1.0
274,-0.47192383,-0.62213135,0.6403198,3.5,-0.828125,-0.6875
275,-0.47924805,-0.64263916,0.6408081,1.8125,-1.296875,-1.65625
276,-0.47143555,-0.6309204,0.6376343,4.640625,-0.171875,-1.453125
277,-0.46948242,-0.6235962,0.60980225,2.84375,-2.75,-1.984375
278,-0.48632812,-0.62628174,0.6317749,6.109375,-2.109375,-2.671875
279,-0.501709,-0.65216064,0.6203003,4.21875,-1.234375,-1.828125
280,-0.5083008,-0.6436157,0.6012573,3.9375,-1.28125,-1.921875
281,-0.5192871,-0.647522,0.59661865,2.875,-1.28125,-1.578125
282,-0.5205078,-0.64385986,0.5934448,2.421875,-0.4375,-0.9375
283,-0.5246582,-0.64434814,0.5927124,1.578125,-0.421875,-1.34375
284,-0.52368164,-0.6502075,0.58807373,0.375,0.578125,-0.15625
285,-0.5144043,-0.64801025,0.59368896,-1.5625,1.03125,0.390625
286,-0.5053711,-0.6465454,0.5927124,-2.375,1.140625,0.953125
287,-0.49658203,-0.6416626,0.60150146,-2.125,1.5625,1.203125
288,-0.48901367,-0.63653564,0.6149292,-1.90625,0.859375,0.8125
289,-0.50146484,-0.6338501,0.6178589,-2.171875,0.421875,1.03125
290,-0.50024414,-0.6362915,0.62664795,-1.265625,0.125,1.328125
291,-0.47998047,-0.630188,0.62664795,-0.484375,-0.171875,0.59375
292,-0.48901367,-0.6421509,0.6063843,-1.5625,0.453125,0.921875
293,-0.49560547,-0.64068604,0.61517334,-3.0625,-0.578125,-0.234375
294,-0.48291016,-0.6189575,0.62249756,-0.75,0.671875,-0.5625
295,-0.4831543,-0.6331177,0.6268921,0.109375,0.484375,0.0
296,-0.49609375,-0.63165283,0.6234741,0.421875,-0.734375,-0.3125
297,-0.49902344,-0.6345825,0.6239624,0.15625,-0.5625,-0.328125
298,-0.49975586,-0.63409424,0.62127686,1.125,0.34375,0.0
299,-0.4987793,-0.62384033,0.62371826,0.96875,1.78125,0.234375
300,-0.49731445,-0.63897705,0.61834717,0.28125,1.046875,0.328125
301,-0.4951172,-0.6272583,0.62323,0.3125,1.078125,0.265625
302,-0.4885254,-0.6362915,0.61834717,0.59375,0.921875,-0.375
303,-0.49243164,-0.6265259,0.6293335,0.46875,0.859375,-0.21875
304,-0.4885254,-0.6404419,0.61883545,1.265625,0.421875,-0.109375
305,-0.484375,-0.6367798,0.6246948,2.015625,-0.53125,0.296875
306,-0.5029297,-0.64068604,0.607605,-0.4375,-0.421875,0.40625
307,-0.48364258,-0.645813,0.60858154,-0.140625,0.03125,-0.125
308,-0.4909668,-0.6367798,0.6000366,-1.234375,-1.5625,-0.46875
309,-0.4934082,-0.62628174,0.63201904,0.3125,-0.34375,-0.15625
310,-0.48510742,-0.62823486,0.6119995,-0.125,-1.1875,-0.5
311,-0.49536133,-0.6309204,0.6144409,0.0625,-0.71875,-0.140625
312,-0.50512695,-0.628479,0.621521,-0.546875,-1.984375,0.03125
313,-0.5024414,-0.6309204,0.6298218,-0.953125,-1.3125,-0.015625
314,-0.49145508,-0.62457275,0.6268921,-1.125,0.15625,-0.625
315,-0.4951172,-0.6187134,0.6268921,-1.359375,0.28125,-0.984375
316,-0.50756836,-0.6152954,0.63275146,-0.6875,0.328125,-0.484375
317,-0.5070801,-0.62628174,0.62908936,-0.640625,0.765625,0.28125
318,-0.5078125,-0.62750244,0.6246948,-0.59375,1.296875,0.578125
319,-0.4855957,-0.6296997,0.6276245,-0.46875,0.875,0.140625
320,-0.49829102,-0.62823486,0.63031006,1.40625,1.53125,0.984375
321,-0.49438477,-0.62213135,0.63934326,1.515625,1.328125,-0.109375
322,-0.49194336,-0.63848877,0.60736084,-1.515625,1.265625,-0.84375
323,-0.48583984,-0.6345825,0.6264038,-0.09375,0.40625,-1.59375
324,-0.5024414,-0.6218872,0.63153076,-1.953125,0.890625,-0.359375
325,-0.49853516,-0.62213135,0.63201904,-1.6875,1.90625,-0.140625
326,-0.49243164,-0.6187134,0.6412964,-1.078125,1.15625,0.09375
327,-0.48828125,-0.60894775,0.6466675,-1.09375,1.640625,0.375
328,-0.49389648,-0.60284424,0.64593506,-0.046875,0.796875,0.359375
329,-0.49926758,-0.6026001,0.65130615,-0.359375,0.828125,0.578125
330,-0.48657227,-0.61724854,0.6408081,0.390625,1.484375,0.53125
331,-0.47827148,-0.6218872,0.64227295,1.40625,0.5625,0.390625
332,-0.4675293,-0.62506104,0.6390991,2.328125,0.296875,-0.75
333,-0.48168945,-0.6253052,0.633728,1.390625,1.5,-1.203125
334,-0.49047852,-0.61431885,0.6466675,0.0,-0.015625,-1.03125
335,-0.4868164,-0.6296997,0.63031006,0.3125,-0.828125,-0.25
336,-0.49047852,-0.61309814,0.66815186,3.125,0.75,-0.1875
337,-0.4831543,-0.6235962,0.63323975,0.921875,0.578125,-0.015625
338,-0.49438477,-0.60650635,0.6444702,1.953125,0.015625,0.453125
339,-0.49926758,-0.62579346,0.6420288,0.8125,0.0,0.625
340,-0.48706055,-0.61553955,0.6351929,0.765625,0.0625,-0.09375
341,-0.48120117,-0.62286377,0.6366577,1.375,0.0625,-0.40625
342,-0.48413086,-0.63067627,0.6293335,2.328125,0.859375,0.28125
343,-0.49267578,-0.6321411,0.6310425,-0.078125,1.0625,0.21875
344,-0.49316406,-0.61383057,0.6359253,-1.53125,1.203125,0.765625
345,-0.48046875,-0.62457275,0.62957764,-0.5625,1.015625,1.125
346,-0.48095703,-0.6321411,0.6317749,0.578125,-0.515625,0.6875
347,-0.47314453,-0.63067627,0.64349365,0.359375,0.28125,0.5
348,-0.47583008,-0.6248169,0.63201904,0.171875,-0.484375,0.3125
349,-0.47875977,-0.63653564,0.6317749,2.03125,0.1875,1.34375
350,-0.48120117,-0.6289673,0.63934326,2.859375,-1.34375,0.78125
351,-0.47509766,-0.63238525,0.6154175,-1.046875,-0.796875,-0.0625
352,-0.47607422,-0.6170044,0.62957764,-0.375,-1.1875,-0.640625
353,-0.4736328,-0.630188,0.6305542,1.078125,-0.59375,-0.09375
354,-0.47558594,-0.63946533,0.6220093,0.34375,-0.859375,-0.40625
355,-0.48657227,-0.6345825,0.6144409,-0.765625,-1.984375,-1.0
356,-0.4921875,-0.62872314,0.62615967,0.203125,-1.203125,-0.625
357,-0.48706055,-0.62579346,0.62249756,0.1875,-1.25,-0.609375
358,-0.4958496,-0.6272583,0.62713623,-1.125,-0.40625,-0.84375
359,-0.49145508,-0.62872314,0.6376343,-0.984375,0.65625,-0.171875
360,-0.48657227,-0.61798096,0.63201904,-0.59375,0.640625,-0.234375
361,-0.484375,-0.6174927,0.6461792,0.546875,0.6875,0.1875
362,-0.4921875,-0.6277466,0.6342163,0.671875,0.421875,0.171875
363,-0.49536133,-0.6265259,0.6366577,1.28125,-0.515625,-0.15625
364,-0.48754883,-0.64508057,0.6112671,0.25,-0.796875,-0.21875
365,-0.4794922,-0.6248169,0.6347046,1.703125,0.890625,-0.765625
366,-0.49316406,-0.630188,0.62005615,-4.171875,0.140625,-1.34375
367,-0.49658203,-0.60479736,0.6454468,-4.140625,1.140625,-0.40625
368,-0.4934082,-0.6121216,0.65179443,-1.171875,0.203125,0.671875
369,-0.49487305,-0.62457275,0.64715576,1.84375,-0.09375,0.65625
370,-0.49780273,-0.6231079,0.6322632,1.984375,-0.484375,0.03125
371,-0.48901367,-0.631897,0.621521,1.875,0.40625,0.46875
372,-0.4892578,-0.62579346,0.63153076,-0.71875,0.9375,-0.3125
373,-0.4880371,-0.6187134,0.64227295,-1.046875,1.1875,-0.125
374,-0.47729492,-0.61505127,0.6454468,-0.390625,0.421875,-0.4375
375,-0.48364258,-0.6104126,0.6408081,1.578125,-0.328125,0.390625
376,-0.4951172,-0.6231079,0.63616943,1.515625,-0.484375,0.671875
377,-0.4892578,-0.6338501,0.62493896,0.828125,-0.125,0.5625
378,-0.4802246,-0.60406494,0.6454468,2.234375,-0.21875,-0.09375
379,-0.48535156,-0.6309204,0.61590576,-0.234375,-0.375,-0.796875
380,-0.49487305,-0.6248169,0.6403198,1.984375,0.140625,-0.0625
381,-0.4892578,-0.6358032,0.6281128,-1.34375,-0.75,-0.953125
382,-0.48120117,-0.6199341,0.63201904,-0.421875,0.25,-0.546875
383,-0.49169922,-0.6277466,0.6227417,-0.453125,0.203125,0.21875
384,-0.49243164,-0.6199341,0.6322632,-0.921875,0.234375,-0.3125
385,-0.49316406,-0.6177368,0.6376343,-0.21875,0.265625,-0.34375
386,-0.49121094,-0.61016846,0.6351929,0.0625,0.046875,0.296875
387,-0.49682617,-0.61553955,0.63275146,-1.125,0.265625,0.25
388,-0.4855957,-0.6296997,0.6532593,0.234375,0.390625,0.234375
389,-0.48413086,-0.6260376,0.63031006,0.34375,-0.546875,0.015625
390,-0.49536133,-0.6255493,0.6251831,1.140625,-0.015625,-0.390625
391,-0.47680664,-0.62579346,0.6298218,-0.046875,0.421875,-0.5
392,-0.48461914,-0.6135864,0.6454468,-0.078125,0.0,-0.4375
393,-0.49682617,-0.6235962,0.6486206,1.40625,-0.46875,0.046875
394,-0.5,-0.62286377,0.61834717,0.59375,-0.921875,-0.109375
395,-0.4946289,-0.611145,0.64398193,1.8125,0.625,0.875
396,-0.5053711,-0.6213989,0.618103,-1.78125,0.25,0.125
397,-0.49023438,-0.6223755,0.63983154,1.15625,0.921875,0.421875
398,-0.4897461,-0.6182251,0.6378784,0.671875,1.40625,0.765625
399,-0.49047852,-0.60943604,0.6286011,0.0625,1.140625,0.3125
400,-0.4975586,-0.62384033,0.64349365,-0.640625,0.296875,0.109375
401,-0.4753418,-0.6289673,0.6347046,-0.015625,1.625,1.109375
402,-0.4794922,-0.61920166,0.6383667,-1.25,0.671875,0.53125
403,-0.48217773,-0.62677,0.63934326,-1.1875,0.5625,0.984375
404,-0.48388672,-0.6152954,0.63934326,-1.71875,0.734375,0.59375
405,-0.47705078,-0.61724854,0.64227295,-0.875,-0.046875,-0.28125
406,-0.4736328,-0.6223755,0.6390991,-1.953125,0.15625,0.125
407,-0.48168945,-0.6104126,0.6547241,-2.171875,0.78125,-0.8125
408,-0.4807129,-0.6104126,0.6659546,2.203125,-0.140625,-0.078125
409,-0.49121094,-0.60894775,0.6522827,2.40625,-1.046875,0.09375
410,-0.48461914,-0.62994385,0.6325073,2.46875,-0.09375,0.421875
411,-0.4868164,-0.6152954,0.6366577,0.171875,-0.609375,-0.296875
412,-0.4794922,-0.6091919,0.6571655,1.5625,0.84375,0.625
413,-0.48779297,-0.63067627,0.64178467,0.53125,0.984375,0.421875
414,-0.4970703,-0.62286377,0.63739014,0.046875,1.203125,-0.046875
415,-0.4855957,-0.6235962,0.6400757,-0.796875,1.4375,0.265625
416,-0.47314453,-0.62384033,0.6412964,-0.1875,1.203125,0.078125
417,-0.47583008,-0.61309814,0.65252686,-1.109375,1.703125,0.375
418,-0.46801758,-0.6255493,0.64593506,-0.234375,1.09375,0.40625
419,-0.47338867,-0.6218872,0.65667725,0.8125,0.6875,-0.03125
420,-0.4741211,-0.60723877,0.6481323,-0.234375,1.03125,0.53125
421,-0.46313477,-0.6152954,0.63201904,0.296875,0.46875,0.1875
422,-0.46875,-0.61968994,0.64642334,0.625,-0.71875,-0.5
423,-0.4741211,-0.63287354,0.64764404,0.15625,-0.828125,-0.671875
424,-0.4736328,-0.6189575,0.65130615,1.671875,0.265625,-1.125
425,-0.47607422,-0.6091919,0.6342163,-0.171875,-0.484375,-1.484375
426,-0.4897461,-0.60162354,0.65301514,3.71875,0.078125,0.109375
427,-0.47265625,-0.630188,0.6298218,3.65625,-0.4375,0.578125
428,-0.4753418,-0.6248169,0.637146,2.640625,0.546875,-0.125
429,-0.47998047,-0.628479,0.64276123,1.765625,0.015625,-0.421875
430,-0.47631836,-0.630188,0.6322632,1.875,0.328125,-0.0625
431,-0.47729492,-0.6211548,0.63153076,1.0625,0.4375,-0.484375
432,-0.48632812,-0.6218872,0.64642334,0.65625,0.640625,-0.078125
433,-0.47973633,-0.63116455,0.6310425,0.109375,-0.03125,0.171875
434,-0.46899414,-0.6279907,0.6325073,-0.1875,-0.5625,0.3125
435,-0.47021484,-0.6345825,0.6378784,-1.78125,-0.4375,0.453125
436,-0.46972656,-0.6367798,0.6342163,-1.15625,-0.78125,-0.046875
437,-0.47875977,-0.6187134,0.6532593,1.921875,-1.3125,0.15625
438,-0.48388672,-0.6152954,0.63983154,1.4375,-1.953125,-0.671875
439,-0.48657227,-0.6370239,0.6300659,0.25,-0.390625,0.125
440,-0.48876953,-0.63848877,0.61395264,-2.359375,-2.296875,-0.078125
441,-0.47924805,-0.62994385,0.6420288,4.03125,-1.21875,0.9375
442,-0.48535156,-0.63165283,0.63812256,3.6875,-0.5,-0.59375
443,-0.49145508,-0.62335205,0.61468506,2.15625,0.40625,-0.65625
444,-0.49536133,-0.6304321,0.62786865,-1.734375,0.859375,0.640625
445,-0.5024414,-0.6404419,0.63690186,-4.03125,0.9375,1.84375
446,-0.48828125,-0.60943604,0.63201904,-2.78125,1.546875,0.71875
447,-0.44921875,-0.60821533,0.63201904,-1.265625,0.203125,0.375
448,-0.4597168,-0.6255493,0.64764404,-1.078125,-1.09375,0.6875
449,-0.48950195,-0.63946533,0.65545654,-2.15625,-0.59375,-0.328125
450,-0.4802246,-0.62286377,0.63275146,-1.0,0.25,0.015625
451,-0.46899414,-0.6177368,0.6322632,-1.25,-0.296875,0.359375
452,-0.48168945,-0.6265259,0.65301514,-0.28125,0.40625,0.421875
453,-0.48486328,-0.60479736,0.65545654,1.28125,-0.28125,-0.875
454,-0.48535156,-0.62872314,0.6251831,-0.4375,0.421875,-1.171875
455,-0.4958496,-0.61505127,0.6408081,0.828125,-0.3125,-1.046875
456,-0.47680664,-0.6165161,0.6481323,0.671875,0.921875,0.25
457,-0.48413086,-0.6243286,0.6403198,-0.546875,1.34375,0.234375
458,-0.4819336,-0.6226196,0.6456909,-2.0,0.828125,-0.59375
459,-0.47436523,-0.6116333,0.6456909,-0.640625,0.5625,-0.3125
460,-0.47265625,-0.6123657,0.6535034,0.5625,0.0,-0.140625
461,-0.48339844,-0.61553955,0.6557007,0.34375,0.8125,0.265625
462,-0.49047852,-0.611145,0.6605835,0.40625,0.828125,0.765625
463,-0.48632812,-0.6243286,0.6478882,-0.03125,1.109375,1.203125
464,-0.4724121,-0.6152954,0.6491089,-0.390625,1.671875,0.90625
465,-0.46411133,-0.612854,0.65252686,-0.890625,1.59375,-0.234375
466,-0.4711914,-0.61798096,0.6605835,-0.453125,0.765625,-1.171875
467,-0.4699707,-0.5979614,0.6744995,3.296875,0.78125,-0.71875
468,-0.46850586,-0.631897,0.62323,3.296875,0.375,-0.21875
469,-0.45922852,-0.6531372,0.6430054,0.671875,0.140625,-1.4375
470,-0.4597168,-0.6140747,0.6520386,-2.703125,-1.09375,-2.484375
471,-0.47094727,-0.6096802,0.6481323,1.4375,-1.25,-2.03125
472,-0.48535156,-0.63067627,0.64056396,5.578125,-2.640625,-2.234375
473,-0.48364258,-0.63653564,0.64886475,7.21875,-2.0625,-2.96875
474,-0.50805664,-0.59161377,0.6456909,1.0625,-0.53125,-0.171875
475,-0.50341797,-0.6021118,0.61712646,-3.484375,0.34375,1.421875
476,-0.5,-0.62945557,0.6535034,2.5625,-0.75,1.78125
477,-0.4855957,-0.63848877,0.62957764,1.8125,-0.03125,1.546875
478,-0.46655273,-0.6248169,0.6166382,0.421875,-1.265625,-0.265625
479,-0.48217773,-0.6338501,0.6173706,0.984375,-0.5625,-0.375
480,-0.47851562,-0.631897,0.6366577,0.703125,-0.5625,-0.953125
481,-0.4814453,-0.6345825,0.6276245,-0.34375,-0.515625,-1.296875
482,-0.48120117,-0.6326294,0.62005615,0.453125,-0.65625,-0.21875
483,-0.49023438,-0.63360596,0.63323975,1.90625,-1.34375,0.015625
484,-0.48120117,-0.61920166,0.637146,0.765625,-0.546875,-0.734375
485,-0.48999023,-0.62091064,0.60687256,-2.25,-2.421875,-1.953125
486,-0.51171875,-0.61065674,0.6466675,0.859375,-1.390625,-1.125
487,-0.5266113,-0.6277466,0.6408081,2.890625,-0.703125,0.65625
488,-0.51660156,-0.62677,0.61712646,4.296875,-0.03125,1.390625
489,-0.51000977,-0.6272583,0.6141968,1.96875,-0.515625,1.578125
490,-0.50439453,-0.6392212,0.61151123,-0.046875,1.5,1.90625
491,-0.4963379,-0.6421509,0.60931396,-2.421875,1.9375,1.171875
492,-0.49194336,-0.6370239,0.6168823,-4.09375,2.5625,0.078125
493,-0.47973633,-0.63287354,0.6268921,-3.453125,1.578125,-0.953125
494,-0.47875977,-0.6223755,0.63861084,-1.375,1.203125,-0.78125
495,-0.47851562,-0.6226196,0.6364136,0.03125,0.3125,-0.53125
496,-0.47680664,-0.6152954,0.6347046,-1.078125,0.75,0.15625
497,-0.47558594,-0.6255493,0.64471436,-1.75,0.21875,0.46875
498,-0.4794922,-0.62750244,0.64398193,0.375,-0.625,0.890625
499,-0.48510742,-0.59698486,0.65838623,3.921875,-1.359375,0.28125
500,-0.5019531,-0.6314087,0.6154175,2.015625,-1.59375,-0.375
501,-0.4946289,-0.63067627,0.62323,2.90625,-0.75,-1.375
502,-0.50927734,-0.6333618,0.62323,2.390625,0.796875,0.0625
503,-0.5073242,-0.62701416,0.6166382,-0.59375,2.1875,0.21875
504,-0.50219727,-0.631897,0.6210327,-1.578125,1.625,0.03125
505,-0.49121094,-0.61505127,0.6300659,-1.84375,1.296875,-0.09375
506,-0.45947266,-0.6265259,0.6359253,-0.703125,0.015625,-0.9375
507,-0.47680664,-0.6226196,0.64959717,1.375,0.09375,-0.4375
508,-0.49023438,-0.6370239,0.6403198,4.75,0.78125,0.171875
509,-0.49047852,-0.6397095,0.63201904,4.03125,0.5,0.640625
510,-0.48828125,-0.628479,0.6359253,1.984375,0.953125,1.609375
511,-0.47875977,-0.62872314,0.62713623,0.15625,0.296875,1.046875
512,-0.4934082,-0.631897,0.6203003,0.78125,0.734375,0.34375
513,-0.4951172,-0.62164307,0.6342163,1.609375,1.328125,0.1875
514,-0.4868164,-0.6465454,0.61151123,-1.296875,0.421875,-0.859375
515,-0.47680664,-0.63287354,0.6185913,0.03125,1.390625,-0.3125
516,-0.48364258,-0.631897,0.61273193,-1.96875,-0.15625,-0.375
517,-0.47509766,-0.63653564,0.64178467,0.21875,0.859375,0.5625
518,-0.47705078,-0.645813,0.6288452,-1.765625,1.234375,0.8125
519,-0.47216797,-0.63726807,0.6376343,-0.375,0.4375,0.046875
520,-0.48339844,-0.628479,0.6310425,0.359375,0.1875,0.53125
521,-0.4807129,-0.6277466,0.633728,0.90625,0.265625,1.15625
522,-0.47802734,-0.6231079,0.6305542,0.34375,-0.046875,0.4375
523,-0.47753906,-0.63409424,0.6268921,1.0625,-0.84375,0.1875
524,-0.46728516,-0.6404419,0.62908936,0.484375,-0.71875,-0.15625
525,-0.47143555,-0.62994385,0.6190796,0.0625,-0.6875,-0.34375
526,-0.47998047,-0.6343384,0.63153076,-0.359375,-0.4375,-0.0625
527,-0.48364258,-0.6331177,0.6298218,-0.28125,-0.21875,0.0625
528,-0.48779297,-0.6331177,0.6273804,-0.875,-0.09375,-0.09375
529,-0.47924805,-0.62701416,0.63031006,-0.34375,-0.03125,-0.125
530,-0.47631836,-0.6331177,0.649353,2.59375,0.40625,-0.375
531,-0.48583984,-0.64801025,0.60931396,-1.9375,-0.359375,-1.0625
532,-0.49414062,-0.6211548,0.63616943,-0.953125,0.8125,-0.078125
533,-0.47875977,-0.6213989,0.6383667,-0.375,1.28125,1.390625
534,-0.4753418,-0.63360596,0.63568115,1.671875,1.609375,1.28125
535,-0.45507812,-0.6382446,0.6251831,-2.671875,0.359375,-0.671875
536,-0.47045898,-0.6206665,0.6325073,-2.515625,0.953125,0.390625
537,-0.46679688,-0.6279907,0.63616943,-2.015625,-1.125,-0.359375
538,-0.4765625,-0.63897705,0.6403198,-2.03125,-0.59375,-1.328125
539,-0.47924805,-0.62628174,0.6498413,0.53125,-1.375,-1.515625
540,-0.48388672,-0.6157837,0.6376343,0.546875,-0.890625,-1.65625
541,-0.48120117,-0.61505127,0.6473999,3.046875,-1.671875,-1.75
542,-0.5,-0.6309204,0.63568115,3.828125,-2.046875,-1.34375
543,-0.5090332,-0.62750244,0.61761475,2.625,-2.078125,-1.53125
544,-0.5007324,-0.6235962,0.6137085,0.34375,-0.9375,-1.15625
545,-0.5,-0.6355591,0.62298584,1.765625,-1.671875,-0.421875
546,-0.50268555,-0.6206665,0.6383667,4.328125,-1.71875,-0.890625
547,-0.5029297,-0.6487427,0.5914917,-0.328125,-1.34375,-1.34375
548,-0.5048828,-0.630188,0.61273193,-0.828125,-0.4375,-1.234375
549,-0.49926758,-0.61798096,0.62298584,0.3125,-0.375,-0.1875
550,-0.49536133,-0.6201782,0.63983154,1.25,-0.078125,-0.90625
551,-0.49316406,-0.62384033,0.6281128,2.046875,-0.609375,-1.6875
552,-0.5083008,-0.616272,0.6185913,3.265625,0.0625,-0.796875
553,-0.5070801,-0.6345825,0.6112671,2.515625,-0.46875,-0.296875
554,-0.5136719,-0.630188,0.6119995,0.484375,0.359375,-0.421875
555,-0.5131836,-0.63531494,0.6132202,0.859375,0.40625,-0.171875
556,-0.5131836,-0.6292114,0.60858154,1.296875,0.25,-0.296875
557,-0.51464844,-0.6292114,0.605896,1.15625,0.0625,-0.65625
558,-0.51293945,-0.6272583,0.60931396,0.234375,0.921875,-0.546875
559,-0.5163574,-0.6279907,0.61395264,-0.296875,0.78125,0.578125
560,-0.5126953,-0.6343384,0.6144409,-0.53125,0.921875,0.921875
561,-0.5007324,-0.6223755,0.62054443,0.078125,0.90625,1.03125
562,-0.49853516,-0.63775635,0.6173706,1.53125,0.3125,1.375
563,-0.49975586,-0.6170044,0.62835693,2.9375,0.0625,0.46875
564,-0.50439453,-0.64263916,0.58929443,-1.3125,0.703125,-0.078125
565,-0.50756836,-0.63165283,0.61834717,-1.125,1.046875,-0.6875
566,-0.49023438,-0.64190674,0.6166382,0.421875,0.546875,0.234375
567,-0.49145508,-0.6489868,0.6095581,0.734375,0.6875,-0.59375
568,-0.49731445,-0.63604736,0.6129761,0.625,-0.265625,-0.875
569,-0.51171875,-0.6265259,0.6141968,1.828125,0.03125,0.203125
570,-0.5004883,-0.63409424,0.6063843,1.625,-0.59375,0.390625
571,-0.51049805,-0.63653564,0.6039429,-0.1875,0.0625,0.15625
572,-0.5058594,-0.63848877,0.6129761,-1.546875,0.359375,0.6875
573,-0.4951172,-0.62750244,0.61639404,-0.53125,0.390625,0.15625
574,-0.48901367,-0.62823486,0.61151123,0.3125,-0.140625,0.03125
575,-0.4897461,-0.63360596,0.6149292,0.515625,-0.46875,-0.171875
576,-0.4934082,-0.6343384,0.61102295,0.625,-1.046875,0.09375
577,-0.49853516,-0.63775635,0.6090698,0.578125,-1.171875,0.203125
578,-0.49780273,-0.6397095,0.60076904,0.125,-0.390625,0.0
579,-0.49951172,-0.630188,0.61346436,-0.03125,0.078125,-0.359375
580,-0.5036621,-0.6411743,0.6102905,0.140625,-0.296875,-0.234375
581,-0.501709,-0.64019775,0.6137085,1.4375,0.4375,-0.4375
582,-0.50097656,-0.6382446,0.6017456,-0.859375,-0.328125,-1.375
583,-0.50146484,-0.6272583,0.61834717,0.765625,0.046875,-0.6875
584,-0.50268555,-0.6358032,0.60736084,-0.078125,-0.015625,-0.140625
585,-0.50268555,-0.6296997,0.60980225,-0.53125,0.421875,-0.328125
586,-0.5078125,-0.63067627,0.60858154,-1.296875,0.28125,-0.515625
587,-0.5061035,-0.63482666,0.61151123,0.71875,0.28125,0.390625
588,-0.5029297,-0.6409302,0.61395264,0.265625,0.125,-0.140625
589,-0.5085449,-0.61798096,0.6090698,-0.671875,0.359375,-0.5
590,-0.5046387,-0.63653564,0.61468506,0.546875,-0.078125,-0.1875
591,-0.50805664,-0.63165283,0.6102905,0.515625,-0.25,-0.171875
592,-0.50805664,-0.64190674,0.6117554,-0.78125,0.453125,-0.1875
593,-0.5029297,-0.62750244,0.6119995,-0.4375,0.65625,-0.171875
594,-0.50097656,-0.63287354,0.6144409,0.109375,-0.359375,0.296875
595,-0.51220703,-0.6199341,0.62249756,0.078125,-0.140625,0.0
596,-0.50634766,-0.6255493,0.6100464,0.546875,-0.015625,-0.359375
597,-0.5078125,-0.62994385,0.61151123,0.828125,0.21875,0.0
598,-0.50805664,-0.62750244,0.6220093,0.71875,0.28125,-0.140625
599,-0.51293945,-0.644104,0.60736084,0.0625,0.359375,-0.046875
600,-0.5078125,-0.62945557,0.6066284,-1.125,0.40625,-0.9375
601,-0.5004883,-0.62823486,0.6141968,-0.4375,0.359375,-0.21875
602,-0.51123047,-0.62823486,0.6207886,-0.03125,0.5625,0.109375
603,-0.50805664,-0.6231079,0.62323,0.296875,0.1875,-0.21875
604,-0.5126953,-0.6182251,0.61273193,-0.375,0.328125,-0.1875
605,-0.50146484,-0.6255493,0.60980225,0.421875,0.1875,0.375
606,-0.5,-0.6218872,0.62615967,0.21875,0.171875,-0.28125
607,-0.5097656,-0.62506104,0.62420654,0.46875,0.0625,-0.28125
608,-0.50805664,-0.6231079,0.61712646,1.03125,0.21875,-0.1875
609,-0.5048828,-0.62628174,0.6129761,0.71875,-0.1875,0.03125
610,-0.50634766,-0.6345825,0.61712646,-0.515625,0.390625,0.125
611,-0.5107422,-0.6240845,0.6207886,-0.765625,0.578125,-0.109375
612,-0.50927734,-0.63116455,0.6132202,-0.703125,0.65625,0.1875
613,-0.5073242,-0.6189575,0.6203003,-0.015625,0.984375,0.234375
614,-0.50561523,-0.62994385,0.6210327,0.203125,0.890625,0.390625
615,-0.5031738,-0.63067627,0.6220093,0.203125,0.46875,0.34375
616,-0.50683594,-0.6309204,0.6276245,1.609375,0.015625,0.5625
617,-0.5024414,-0.61724854,0.63934326,2.640625,0.234375,-0.015625
618,-0.5048828,-0.63897705,0.5897827,-1.265625,0.34375,-0.578125
619,-0.49975586,-0.61431885,0.61468506,0.1875,0.625,-0.421875
620,-0.5004883,-0.62823486,0.6207886,1.515625,0.28125,0.65625
621,-0.50146484,-0.6289673,0.61712646,1.484375,0.953125,0.09375
622,-0.49438477,-0.62335205,0.62713623,1.59375,0.640625,-0.890625
623,-0.49047852,-0.6177368,0.6298218,2.3125,2.828125,-1.03125
624,-0.49658203,-0.6309204,0.60565186,1.234375,2.234375,-1.203125
625,-0.51342773,-0.6326294,0.6220093,0.984375,2.390625,-0.671875
626,-0.50683594,-0.6309204,0.61761475,1.359375,1.765625,0.984375
627,-0.4892578,-0.6314087,0.6129761,1.9375,-0.640625,1.28125
628,-0.48388672,-0.6304321,0.6071167,2.421875,-1.5,0.53125
629,-0.4855957,-0.64190674,0.59954834,2.0,-2.03125,0.0625
630,-0.49389648,-0.6362915,0.605896,0.578125,-1.796875,-0.390625
631,-0.5041504,-0.64727783,0.6029663,-0.75,-1.296875,-0.578125
632,-0.4934082,-0.6494751,0.6102905,-1.28125,-0.375,-0.28125
633,-0.49609375,-0.6370239,0.61102295,-0.859375,0.203125,-0.90625
634,-0.501709,-0.6211548,0.6222534,0.828125,-0.359375,-0.671875
635,-0.49438477,-0.6375122,0.6190796,0.828125,-0.9375,-0.890625
636,-0.50341797,-0.63653564,0.6112671,0.9375,-0.3125,-1.0625
637,-0.5073242,-0.644104,0.607605,-0.265625,-0.21875,-1.484375
638,-0.50756836,-0.63238525,0.61346436,0.578125,1.359375,-0.8125
639,-0.51904297,-0.63848877,0.6054077,-0.796875,0.65625,-0.125
640,-0.51171875,-0.6289673,0.61517334,-0.78125,1.078125,-0.328125
641,-0.5083008,-0.6404419,0.60614014,-1.875,0.453125,-0.328125
642,-0.50439453,-0.628479,0.61395264,-0.078125,-0.140625,0.390625
643,-0.49536133,-0.63482666,0.62420654,-0.53125,-0.203125,-0.0625
644,-0.50390625,-0.6260376,0.6244507,-0.3125,-0.046875,-0.015625
645,-0.50805664,-0.62823486,0.61517334,-0.078125,0.453125,0.34375
646,-0.49243164,-0.6289673,0.6156616,0.421875,0.421875,0.484375
647,-0.50756836,-0.6331177,0.6203003,0.109375,0.4375,-0.125
648,-0.5168457,-0.6240845,0.61883545,-0.296875,0.296875,0.015625
649,-0.5109863,-0.628479,0.60931396,1.65625,-0.265625,0.40625
650,-0.5036621,-0.6289673,0.6129761,2.921875,-0.015625,0.40625
651,-0.49951172,-0.6289673,0.6161499,1.890625,0.125,-0.21875
652,-0.50341797,-0.6211548,0.61273193,1.46875,-0.515625,0.421875
653,-0.50683594,-0.64068604,0.59783936,0.453125,-0.28125,0.0
654,-0.5085449,-0.6392212,0.61590576,1.328125,0.015625,0.359375
655,-0.501709,-0.63848877,0.6022339,-1.4375,0.265625,-0.453125
656,-0.4975586,-0.62457275,0.6178589,-1.0,0.5,-0.390625
657,-0.51220703,-0.6277466,0.6102905,-1.15625,0.734375,-0.390625
658,-0.5046387,-0.63238525,0.6234741,-0.109375,0.25,-0.375
659,-0.50219727,-0.631897,0.6168823,-0.75,0.296875,-0.578125
660,-0.5,-0.62628174,0.61712646,0.1875,-0.265625,-0.171875
661,-0.49829102,-0.6272583,0.62054443,0.53125,-0.546875,-0.25
662,-0.51123047,-0.6272583,0.6154175,0.484375,-0.40625,-0.171875
663,-0.49829102,-0.62823486,0.62176514,0.34375,0.3125,0.03125
664,-0.5065918,-0.6189575,0.61395264,0.203125,0.0625,0.140625
665,-0.50878906,-0.6277466,0.6173706,1.234375,-0.25,0.109375
666,-0.5070801,-0.6321411,0.6168823,0.453125,0.09375,0.1875
667,-0.5036621,-0.63165283,0.61395264,-0.28125,0.109375,-0.3125
668,-0.49951172,-0.6296997,0.61834717,-1.046875,0.1875,-0.265625
669,-0.5090332,-0.6279907,0.62176514,-0.296875,0.0,-0.15625
670,-0.5136719,-0.631897,0.6132202,-0.171875,-0.390625,0.140625
671,-0.5097656,-0.61920166,0.61273193,0.109375,-0.75,-0.109375
672,-0.51049805,-0.6416626,0.62054443,0.640625,0.859375,-0.03125
673,-0.50439453,-0.6157837,0.6088257,-0.8125,0.734375,-0.703125
674,-0.50561523,-0.61724854,0.6173706,0.90625,0.9375,1.125
675,-0.5019531,-0.63726807,0.61468506,-0.96875,1.90625,1.015625
676,-0.49731445,-0.6235962,0.61761475,-2.734375,0.40625,-0.140625
677,-0.49487305,-0.63067627,0.6132202,-2.078125,0.109375,-0.34375
678,-0.49267578,-0.6243286,0.62542725,-0.578125,-0.421875,-0.1875
679,-0.50683594,-0.63067627,0.63616943,-0.34375,0.1875,-0.25
680,-0.50097656,-0.62164307,0.64178467,2.140625,0.4375,-0.1875
681,-0.50805664,-0.616272,0.63446045,4.375,0.21875,0.6875
682,-0.5,-0.62384033,0.6227417,4.859375,-0.328125,1.171875
683,-0.5036621,-0.64019775,0.61712646,4.734375,0.703125,1.09375
684,-0.5007324,-0.6367798,0.5910034,2.21875,0.734375,0.84375
685,-0.5024414,-0.63604736,0.59954834,0.703125,0.6875,1.09375
686,-0.4975586,-0.647522,0.6132202,-1.5625,0.703125,1.234375
687,-0.48754883,-0.62823486,0.6137085,-1.390625,0.359375,0.40625
688,-0.48632812,-0.64849854,0.62054443,-1.109375,0.015625,-0.1875
689,-0.48657227,-0.6333618,0.63153076,0.984375,0.921875,0.296875
690,-0.48632812,-0.63848877,0.60272217,-3.234375,-0.671875,-0.265625
691,-0.49194336,-0.62628174,0.6268921,-1.578125,0.078125,0.171875
692,-0.48364258,-0.6428833,0.63616943,-0.6875,0.5,0.21875
693,-0.49169922,-0.6206665,0.6246948,1.296875,0.359375,-0.4375
694,-0.4958496,-0.6304321,0.61639404,1.171875,-0.140625,-0.078125
695,-0.4909668,-0.63604736,0.621521,3.46875,-0.21875,0.46875
696,-0.49121094,-0.6409302,0.619812,2.4375,-0.28125,0.015625
697,-0.49609375,-0.63067627,0.61517334,0.0625,0.578125,-0.078125
698,-0.48657227,-0.6277466,0.6124878,-0.25,0.265625,-0.28125
699,-0.4951172,-0.6387329,0.6144409,-0.546875,-0.171875,-0.375
700,-0.51123047,-0.64678955,0.61639404,-0.5625,0.0,-0.03125
701,-0.501709,-0.6502075,0.6046753,-1.515625,0.359375,0.0625
702,-0.49169922,-0.6392212,0.62542725,0.09375,0.984375,0.046875
703,-0.49365234,-0.63653564,0.62835693,-0.15625,0.6875,0.453125
704,-0.47680664,-0.6331177,0.61712646,0.125,0.421875,0.109375
705,-0.49267578,-0.6279907,0.635437,-0.078125,1.15625,0.53125
706,-0.48828125,-0.631897,0.6222534,-1.828125,0.625,0.109375
707,-0.48413086,-0.62628174,0.6334839,-0.4375,0.78125,0.15625
708,-0.4951172,-0.63238525,0.6454468,-0.34375,1.625,0.15625
709,-0.48120117,-0.6338501,0.6234741,-1.015625,1.984375,-0.046875
710,-0.47485352,-0.6375122,0.61273193,-1.234375,0.015625,-1.34375
711,-0.47753906,-0.6350708,0.62908936,0.71875,1.234375,-0.84375
712,-0.4765625,-0.6253052,0.6286011,-1.46875,0.109375,-1.3125
713,-0.4921875,-0.6253052,0.6298218,-1.34375,-0.828125,-0.921875
714,-0.5065918,-0.61505127,0.6322632,-2.25,0.109375,-0.5625
715,-0.5024414,-0.61187744,0.62542725,-1.15625,-0.171875,-0.578125
716,-0.5073242,-0.6213989,0.63275146,1.828125,-0.875,0.40625
717,-0.49609375,-0.6213989,0.63446045,2.5,-0.421875,1.25
718,-0.4868164,-0.63653564,0.6310425,2.078125,-0.90625,1.0625
719,-0.48657227,-0.6231079,0.633728,2.9375,-0.84375,1.109375
720,-0.48095703,-0.6279907,0.6117554,3.890625,-1.71875,0.65625
721,-0.47631836,-0.6355591,0.6149292,1.875,-1.015625,0.9375
722,-0.49536133,-0.63653564,0.6190796,-2.21875,-1.78125,0.125
723,-0.49072266,-0.62164307,0.6312866,-1.015625,0.484375,0.046875
724,-0.50024414,-0.6314087,0.6149292,-0.578125,0.359375,0.046875
725,-0.4934082,-0.62823486,0.63812256,1.140625,-0.421875,-0.703125
726,-0.49365234,-0.6255493,0.6286011,1.265625,-0.3125,-0.609375
727,-0.49902344,-0.6370239,0.6222534,0.984375,-0.125,0.28125
728,-0.49609375,-0.6338501,0.6207886,0.546875,0.265625,0.1875
729,-0.4880371,-0.62994385,0.62054443,-0.28125,0.15625,0.328125
730,-0.4892578,-0.6331177,0.61932373,0.234375,-0.4375,0.484375
731,-0.49438477,-0.63116455,0.6132202,-0.015625,-0.421875,-0.15625
732,-0.49780273,-0.63482666,0.6190796,-0.75,-0.953125,-0.46875
733,-0.49267578,-0.6277466,0.61761475,-0.171875,-1.515625,-0.71875
734,-0.5004883,-0.62384033,0.62298584,0.046875,-1.265625,-1.09375
735,-0.49975586,-0.62750244,0.61517334,-0.25,-0.53125,-1.0
736,-0.49853516,-0.63067627,0.6400757,2.015625,0.21875,-0.625
737,-0.4958496,-0.63946533,0.60150146,-0.59375,-0.21875,-0.921875
738,-0.501709,-0.6174927,0.61590576,-0.3125,0.4375,-0.78125
739,-0.50561523,-0.6231079,0.619812,-0.421875,0.390625,0.125
740,-0.49658203,-0.6213989,0.61932373,0.6875,0.734375,-0.140625
741,-0.5048828,-0.6367798,0.6203003,0.25,0.078125,-0.5
742,-0.50146484,-0.6260376,0.62542725,0.53125,0.609375,-0.328125
743,-0.49829102,-0.62286377,0.6178589,0.625,0.03125,-0.015625
744,-0.5036621,-0.61798096,0.6156616,0.140625,0.5625,-0.109375
745,-0.5024414,-0.6292114,0.6286011,0.859375,0.15625,-0.140625
746,-0.5019531,-0.6218872,0.618103,0.875,-0.015625,-0.203125
747,-0.50341797,-0.63409424,0.6144409,1.203125,0.0,-0.0625
748,-0.50097656,-0.63360596,0.6149292,0.515625,0.1875,-0.25
